0.7	1.04972e-08
0.701	1.10461e-08
0.702	1.00354e-08
0.703	1.11015e-08
0.704	1.04365e-08
0.705	1.18362e-08
0.706	1.22911e-08
0.707	1.31067e-08
0.708	1.28856e-08
0.709	1.31866e-08
0.71	1.32043e-08
0.711	1.3709e-08
0.712	1.38784e-08
0.713	1.48962e-08
0.714	1.36667e-08
0.715	1.47655e-08
0.716	1.50177e-08
0.717	1.35325e-08
0.718	1.42529e-08
0.719	1.3659e-08
0.72	1.57725e-08
0.721	1.656e-08
0.722	1.70565e-08
0.723	1.62463e-08
0.724	1.55138e-08
0.725	1.69688e-08
0.726	1.68373e-08
0.727	1.81988e-08
0.728	1.69238e-08
0.729	1.79239e-08
0.73	1.75238e-08
0.731	1.76463e-08
0.732	1.55182e-08
0.733	1.84007e-08
0.734	1.73698e-08
0.735	1.85561e-08
0.736	1.91808e-08
0.737	1.89531e-08
0.738	2.06655e-08
0.739	1.94776e-08
0.74	1.95523e-08
0.741	1.95707e-08
0.742	2.12513e-08
0.743	2.25553e-08
0.744	2.11796e-08
0.745	2.2322e-08
0.746	2.39456e-08
0.747	2.19987e-08
0.748	2.25478e-08
0.749	2.45851e-08
0.75	2.31986e-08
0.751	2.43504e-08
0.752	2.4058e-08
0.753	2.5309e-08
0.754	2.76828e-08
0.755	2.45276e-08
0.756	2.59457e-08
0.757	2.64482e-08
0.758	2.333e-08
0.759	2.56716e-08
0.76	2.71278e-08
0.761	2.8273e-08
0.762	2.6179e-08
0.763	2.77587e-08
0.764	3.05414e-08
0.765	2.78473e-08
0.766	2.99427e-08
0.767	3.16186e-08
0.768	2.8456e-08
0.769	3.06218e-08
0.77	2.98469e-08
0.771	3.18629e-08
0.772	3.24216e-08
0.773	3.08842e-08
0.774	3.18324e-08
0.775	3.48178e-08
0.776	3.55598e-08
0.777	3.33125e-08
0.778	3.52205e-08
0.779	3.52676e-08
0.78	3.67292e-08
0.781	3.7897e-08
0.782	3.68512e-08
0.783	3.77311e-08
0.784	3.88691e-08
0.785	4.0146e-08
0.786	3.85026e-08
0.787	4.03079e-08
0.788	4.12902e-08
0.789	4.07636e-08
0.79	4.21702e-08
0.791	4.23713e-08
0.792	4.47859e-08
0.793	4.07627e-08
0.794	4.30451e-08
0.795	4.40545e-08
0.796	4.54418e-08
0.797	4.57076e-08
0.798	4.64275e-08
0.799	4.58976e-08
0.8	4.69059e-08
0.801	4.61423e-08
0.802	4.69225e-08
0.803	4.6928e-08
0.804	4.69495e-08
0.805	5.05948e-08
0.806	5.1401e-08
0.807	4.97166e-08
0.808	5.19079e-08
0.809	5.43244e-08
0.81	5.40021e-08
0.811	5.46131e-08
0.812	5.25507e-08
0.813	5.20375e-08
0.814	5.74832e-08
0.815	5.92473e-08
0.816	5.87122e-08
0.817	5.87977e-08
0.818	5.49781e-08
0.819	5.91939e-08
0.82	5.42529e-08
0.821	6.09233e-08
0.822	6.09636e-08
0.823	6.32885e-08
0.824	6.30765e-08
0.825	6.5214e-08
0.826	6.49484e-08
0.827	6.53094e-08
0.828	6.71802e-08
0.829	6.75489e-08
0.83	6.78058e-08
0.831	6.66049e-08
0.832	6.9653e-08
0.833	6.97338e-08
0.834	7.07821e-08
0.835	7.40021e-08
0.836	7.22724e-08
0.837	7.44292e-08
0.838	7.42444e-08
0.839	7.86675e-08
0.84	7.2261e-08
0.841	7.87652e-08
0.842	7.78695e-08
0.843	7.84073e-08
0.844	8.17612e-08
0.845	7.96293e-08
0.846	7.92092e-08
0.847	7.90958e-08
0.848	8.45384e-08
0.849	8.55751e-08
0.85	8.45273e-08
0.851	8.90508e-08
0.852	8.42769e-08
0.853	9.33354e-08
0.854	9.27541e-08
0.855	8.93073e-08
0.856	9.17264e-08
0.857	9.29057e-08
0.858	9.48368e-08
0.859	9.84614e-08
0.86	9.64894e-08
0.861	9.74944e-08
0.862	9.93563e-08
0.863	1.03733e-07
0.864	1.03367e-07
0.865	1.04926e-07
0.866	1.02524e-07
0.867	1.12249e-07
0.868	1.07512e-07
0.869	1.07413e-07
0.87	1.05759e-07
0.871	1.03755e-07
0.872	1.07226e-07
0.873	1.08788e-07
0.874	1.14104e-07
0.875	1.13135e-07
0.876	1.16381e-07
0.877	1.21623e-07
0.878	1.27092e-07
0.879	1.18012e-07
0.88	1.18085e-07
0.881	1.18715e-07
0.882	1.25722e-07
0.883	1.24073e-07
0.884	1.27914e-07
0.885	1.26853e-07
0.886	1.27499e-07
0.887	1.22673e-07
0.888	1.33696e-07
0.889	1.36677e-07
0.89	1.31127e-07
0.891	1.35753e-07
0.892	1.33987e-07
0.893	1.3906e-07
0.894	1.42116e-07
0.895	1.41284e-07
0.896	1.46449e-07
0.897	1.41784e-07
0.898	1.47561e-07
0.899	1.42835e-07
0.9	1.47233e-07
0.901	1.51434e-07
0.902	1.52087e-07
0.903	1.51783e-07
0.904	1.52479e-07
0.905	1.58947e-07
0.906	1.57143e-07
0.907	1.56599e-07
0.908	1.63294e-07
0.909	1.62444e-07
0.91	1.66086e-07
0.911	1.67545e-07
0.912	1.68419e-07
0.913	1.65476e-07
0.914	1.71565e-07
0.915	1.66554e-07
0.916	1.76792e-07
0.917	1.77816e-07
0.918	1.818e-07
0.919	1.81249e-07
0.92	1.79324e-07
0.921	1.77273e-07
0.922	1.9005e-07
0.923	1.87218e-07
0.924	1.88669e-07
0.925	1.90504e-07
0.926	1.87e-07
0.927	1.91653e-07
0.928	1.94835e-07
0.929	1.99884e-07
0.93	2.01933e-07
0.931	1.98811e-07
0.932	2.07726e-07
0.933	1.98938e-07
0.934	2.07213e-07
0.935	2.07622e-07
0.936	2.10426e-07
0.937	2.04266e-07
0.938	2.1515e-07
0.939	2.15337e-07
0.94	2.20335e-07
0.941	2.21353e-07
0.942	2.28317e-07
0.943	2.29307e-07
0.944	2.38125e-07
0.945	2.31863e-07
0.946	2.41195e-07
0.947	2.49208e-07
0.948	2.34278e-07
0.949	2.36009e-07
0.95	2.41728e-07
0.951	2.4777e-07
0.952	2.47224e-07
0.953	2.59581e-07
0.954	2.55678e-07
0.955	2.6757e-07
0.956	2.55806e-07
0.957	2.59031e-07
0.958	2.69957e-07
0.959	2.65721e-07
0.96	2.6303e-07
0.961	2.60091e-07
0.962	2.78441e-07
0.963	2.80363e-07
0.964	2.73872e-07
0.965	2.78054e-07
0.966	2.79465e-07
0.967	2.8113e-07
0.968	2.9206e-07
0.969	2.92986e-07
0.97	2.98807e-07
0.971	2.97575e-07
0.972	2.90763e-07
0.973	3.0865e-07
0.974	3.02818e-07
0.975	3.12135e-07
0.976	3.03439e-07
0.977	3.23009e-07
0.978	3.12403e-07
0.979	3.16877e-07
0.98	3.20804e-07
0.981	3.26335e-07
0.982	3.31468e-07
0.983	3.2869e-07
0.984	3.30116e-07
0.985	3.34409e-07
0.986	3.33106e-07
0.987	3.47542e-07
0.988	3.44581e-07
0.989	3.57558e-07
0.99	3.53552e-07
0.991	3.62019e-07
0.992	3.53727e-07
0.993	3.55286e-07
0.994	3.62516e-07
0.995	3.72942e-07
0.996	3.74743e-07
0.997	3.67998e-07
0.998	3.74646e-07
0.999	3.67274e-07
1	3.81796e-07
1.001	3.93225e-07
1.002	3.94674e-07
1.003	3.98655e-07
1.004	4.04581e-07
1.005	4.07389e-07
1.006	3.92724e-07
1.007	4.06863e-07
1.008	4.05502e-07
1.009	4.16955e-07
1.01	4.08409e-07
1.011	4.24668e-07
1.012	4.15795e-07
1.013	4.23025e-07
1.014	4.37984e-07
1.015	4.25744e-07
1.016	4.34544e-07
1.017	4.42185e-07
1.018	4.34509e-07
1.019	4.50079e-07
1.02	4.53957e-07
1.021	4.41932e-07
1.022	4.48124e-07
1.023	4.78205e-07
1.024	4.82913e-07
1.025	4.84959e-07
1.026	4.7995e-07
1.027	4.92577e-07
1.028	4.89043e-07
1.029	4.91341e-07
1.03	4.88009e-07
1.031	5.05886e-07
1.032	5.19233e-07
1.033	5.12272e-07
1.034	5.0031e-07
1.035	4.91412e-07
1.036	5.16367e-07
1.037	5.22144e-07
1.038	5.25779e-07
1.039	5.38843e-07
1.04	5.31567e-07
1.041	5.42935e-07
1.042	5.44943e-07
1.043	5.34558e-07
1.044	5.4919e-07
1.045	5.59813e-07
1.046	5.61915e-07
1.047	5.68887e-07
1.048	5.88597e-07
1.049	5.73891e-07
1.05	5.86351e-07
1.051	5.78219e-07
1.052	5.91168e-07
1.053	5.94938e-07
1.054	5.88297e-07
1.055	5.92108e-07
1.056	6.11323e-07
1.057	6.24699e-07
1.058	6.22938e-07
1.059	6.09142e-07
1.06	6.29247e-07
1.061	6.23493e-07
1.062	6.28282e-07
1.063	6.64805e-07
1.064	6.45937e-07
1.065	6.67384e-07
1.066	6.82961e-07
1.067	6.59381e-07
1.068	6.7099e-07
1.069	6.58098e-07
1.07	6.68107e-07
1.071	6.65039e-07
1.072	6.8285e-07
1.073	7.11849e-07
1.074	6.84702e-07
1.075	6.90784e-07
1.076	7.18209e-07
1.077	7.21753e-07
1.078	7.57267e-07
1.079	7.35995e-07
1.08	7.34086e-07
1.081	7.19999e-07
1.082	7.80266e-07
1.083	7.50807e-07
1.084	7.41801e-07
1.085	7.76728e-07
1.086	7.5962e-07
1.087	7.81173e-07
1.088	7.81449e-07
1.089	7.99367e-07
1.09	7.90575e-07
1.091	7.9234e-07
1.092	8.22361e-07
1.093	7.97694e-07
1.094	8.13229e-07
1.095	8.13873e-07
1.096	8.53822e-07
1.097	8.54131e-07
1.098	8.29884e-07
1.099	8.53313e-07
1.1	8.73219e-07
1.101	8.4904e-07
1.102	8.73309e-07
1.103	8.63347e-07
1.104	8.74455e-07
1.105	8.7606e-07
1.106	8.93884e-07
1.107	9.10836e-07
1.108	9.17333e-07
1.109	9.08614e-07
1.11	8.98426e-07
1.111	9.33744e-07
1.112	9.13773e-07
1.113	9.50487e-07
1.114	9.63955e-07
1.115	9.60856e-07
1.116	9.7212e-07
1.117	9.38262e-07
1.118	9.78751e-07
1.119	1.01847e-06
1.12	9.64055e-07
1.121	9.80986e-07
1.122	9.97127e-07
1.123	1.0345e-06
1.124	1.045e-06
1.125	1.07196e-06
1.126	1.02266e-06
1.127	1.04069e-06
1.128	1.02839e-06
1.129	1.0618e-06
1.13	1.07178e-06
1.131	1.06473e-06
1.132	1.0959e-06
1.133	1.08907e-06
1.134	1.0837e-06
1.135	1.13866e-06
1.136	1.06512e-06
1.137	1.1074e-06
1.138	1.12328e-06
1.139	1.09884e-06
1.14	1.12836e-06
1.141	1.11482e-06
1.142	1.10069e-06
1.143	1.1465e-06
1.144	1.17778e-06
1.145	1.19086e-06
1.146	1.21073e-06
1.147	1.18986e-06
1.148	1.21215e-06
1.149	1.2221e-06
1.15	1.23539e-06
1.151	1.25495e-06
1.152	1.23359e-06
1.153	1.23291e-06
1.154	1.27951e-06
1.155	1.25602e-06
1.156	1.30696e-06
1.157	1.26405e-06
1.158	1.29962e-06
1.159	1.28154e-06
1.16	1.32847e-06
1.161	1.30838e-06
1.162	1.33327e-06
1.163	1.34077e-06
1.164	1.36327e-06
1.165	1.31532e-06
1.166	1.35993e-06
1.167	1.37423e-06
1.168	1.38414e-06
1.169	1.36512e-06
1.17	1.43864e-06
1.171	1.40694e-06
1.172	1.44504e-06
1.173	1.4616e-06
1.174	1.45637e-06
1.175	1.45079e-06
1.176	1.50276e-06
1.177	1.49684e-06
1.178	1.45949e-06
1.179	1.50715e-06
1.18	1.58336e-06
1.181	1.52565e-06
1.182	1.46375e-06
1.183	1.48042e-06
1.184	1.562e-06
1.185	1.58525e-06
1.186	1.57754e-06
1.187	1.61029e-06
1.188	1.58788e-06
1.189	1.59382e-06
1.19	1.60449e-06
1.191	1.66573e-06
1.192	1.57853e-06
1.193	1.63253e-06
1.194	1.66027e-06
1.195	1.71144e-06
1.196	1.69969e-06
1.197	1.6741e-06
1.198	1.65687e-06
1.199	1.69722e-06
1.2	1.71102e-06
1.201	1.71413e-06
1.202	1.75807e-06
1.203	1.73931e-06
1.204	1.75797e-06
1.205	1.82666e-06
1.206	1.75635e-06
1.207	1.82369e-06
1.208	1.85029e-06
1.209	1.82484e-06
1.21	1.83244e-06
1.211	1.83248e-06
1.212	1.85309e-06
1.213	1.88643e-06
1.214	1.89358e-06
1.215	1.87248e-06
1.216	1.99509e-06
1.217	1.90548e-06
1.218	1.92661e-06
1.219	1.93706e-06
1.22	1.96074e-06
1.221	2.03867e-06
1.222	1.99127e-06
1.223	1.95024e-06
1.224	2.03192e-06
1.225	1.96809e-06
1.226	2.0762e-06
1.227	2.1737e-06
1.228	2.06855e-06
1.229	2.05404e-06
1.23	2.10806e-06
1.231	2.02765e-06
1.232	2.14382e-06
1.233	2.09923e-06
1.234	2.26895e-06
1.235	2.16237e-06
1.236	2.15589e-06
1.237	2.17031e-06
1.238	2.19294e-06
1.239	2.22602e-06
1.24	2.27924e-06
1.241	2.22884e-06
1.242	2.26692e-06
1.243	2.29392e-06
1.244	2.38072e-06
1.245	2.26489e-06
1.246	2.35061e-06
1.247	2.29258e-06
1.248	2.31853e-06
1.249	2.3411e-06
1.25	2.36564e-06
1.251	2.33979e-06
1.252	2.3914e-06
1.253	2.41616e-06
1.254	2.48132e-06
1.255	2.48667e-06
1.256	2.45436e-06
1.257	2.37102e-06
1.258	2.49044e-06
1.259	2.51005e-06
1.26	2.53039e-06
1.261	2.52311e-06
1.262	2.57043e-06
1.263	2.56526e-06
1.264	2.5608e-06
1.265	2.5643e-06
1.266	2.5187e-06
1.267	2.57777e-06
1.268	2.65842e-06
1.269	2.72629e-06
1.27	2.75932e-06
1.271	2.73077e-06
1.272	2.74313e-06
1.273	2.8152e-06
1.274	2.77174e-06
1.275	2.74879e-06
1.276	2.7198e-06
1.277	2.75061e-06
1.278	2.83068e-06
1.279	2.79622e-06
1.28	2.85583e-06
1.281	2.91569e-06
1.282	2.90996e-06
1.283	2.92614e-06
1.284	2.90696e-06
1.285	2.9696e-06
1.286	2.99521e-06
1.287	2.99456e-06
1.288	2.97663e-06
1.289	3.02823e-06
1.29	3.02769e-06
1.291	3.11372e-06
1.292	3.00506e-06
1.293	3.12017e-06
1.294	3.13358e-06
1.295	3.08626e-06
1.296	3.16701e-06
1.297	3.20939e-06
1.298	3.24832e-06
1.299	3.3012e-06
1.3	3.25422e-06
1.301	3.18106e-06
1.302	3.24616e-06
1.303	3.2762e-06
1.304	3.30111e-06
1.305	3.34808e-06
1.306	3.33423e-06
1.307	3.34693e-06
1.308	3.32193e-06
1.309	3.37028e-06
1.31	3.41251e-06
1.311	3.45173e-06
1.312	3.48575e-06
1.313	3.50222e-06
1.314	3.62119e-06
1.315	3.57978e-06
1.316	3.51414e-06
1.317	3.55676e-06
1.318	3.62187e-06
1.319	3.70712e-06
1.32	3.68939e-06
1.321	3.58524e-06
1.322	3.6751e-06
1.323	3.74249e-06
1.324	3.72626e-06
1.325	3.80724e-06
1.326	3.76138e-06
1.327	3.77673e-06
1.328	3.84481e-06
1.329	3.70656e-06
1.33	3.91189e-06
1.331	3.87492e-06
1.332	3.91112e-06
1.333	3.86801e-06
1.334	3.82561e-06
1.335	3.98253e-06
1.336	3.95126e-06
1.337	4.00252e-06
1.338	3.90113e-06
1.339	4.13471e-06
1.34	4.05626e-06
1.341	4.13467e-06
1.342	4.15247e-06
1.343	4.12343e-06
1.344	4.26165e-06
1.345	4.25855e-06
1.346	4.10362e-06
1.347	4.20908e-06
1.348	4.38065e-06
1.349	4.25776e-06
1.35	4.31209e-06
1.351	4.31071e-06
1.352	4.5325e-06
1.353	4.43501e-06
1.354	4.43348e-06
1.355	4.30153e-06
1.356	4.55761e-06
1.357	4.47396e-06
1.358	4.55849e-06
1.359	4.54756e-06
1.36	4.60448e-06
1.361	4.75395e-06
1.362	4.69258e-06
1.363	4.5863e-06
1.364	4.64451e-06
1.365	4.95235e-06
1.366	4.7187e-06
1.367	4.84162e-06
1.368	4.78513e-06
1.369	4.79211e-06
1.37	4.82786e-06
1.371	4.78154e-06
1.372	4.76639e-06
1.373	4.89924e-06
1.374	5.0249e-06
1.375	5.03255e-06
1.376	4.84374e-06
1.377	4.9691e-06
1.378	5.09473e-06
1.379	5.01874e-06
1.38	5.1171e-06
1.381	5.19597e-06
1.382	5.21621e-06
1.383	5.29308e-06
1.384	5.05459e-06
1.385	5.3643e-06
1.386	5.30593e-06
1.387	5.2323e-06
1.388	5.37864e-06
1.389	5.48418e-06
1.39	5.28292e-06
1.391	5.54386e-06
1.392	5.45947e-06
1.393	5.50896e-06
1.394	5.52578e-06
1.395	5.65008e-06
1.396	5.55789e-06
1.397	5.61922e-06
1.398	5.76358e-06
1.399	5.80674e-06
1.4	5.64942e-06
1.401	5.85354e-06
1.402	5.86774e-06
1.403	5.97869e-06
1.404	5.98459e-06
1.405	6.02915e-06
1.406	5.88312e-06
1.407	6.10178e-06
1.408	5.98465e-06
1.409	5.93602e-06
1.41	6.13693e-06
1.411	5.95624e-06
1.412	6.23337e-06
1.413	6.27287e-06
1.414	6.08527e-06
1.415	6.38515e-06
1.416	6.34475e-06
1.417	6.31108e-06
1.418	6.49732e-06
1.419	6.59899e-06
1.42	6.63716e-06
1.421	6.41279e-06
1.422	6.58151e-06
1.423	6.38411e-06
1.424	6.70568e-06
1.425	6.55947e-06
1.426	6.6557e-06
1.427	6.64934e-06
1.428	6.62278e-06
1.429	6.74752e-06
1.43	6.89199e-06
1.431	6.83185e-06
1.432	6.80858e-06
1.433	6.65258e-06
1.434	6.8437e-06
1.435	6.97509e-06
1.436	7.05621e-06
1.437	7.20967e-06
1.438	6.96715e-06
1.439	7.27993e-06
1.44	7.09212e-06
1.441	7.21049e-06
1.442	6.98767e-06
1.443	7.19644e-06
1.444	7.07709e-06
1.445	7.49868e-06
1.446	7.37324e-06
1.447	7.43204e-06
1.448	7.36867e-06
1.449	7.81431e-06
1.45	7.59975e-06
1.451	7.44393e-06
1.452	7.59716e-06
1.453	7.68086e-06
1.454	7.71566e-06
1.455	7.85667e-06
1.456	7.8211e-06
1.457	7.87496e-06
1.458	7.79802e-06
1.459	8.06755e-06
1.46	7.91097e-06
1.461	7.99093e-06
1.462	8.02879e-06
1.463	8.04892e-06
1.464	8.2129e-06
1.465	8.01808e-06
1.466	8.26287e-06
1.467	8.37947e-06
1.468	8.33704e-06
1.469	8.28702e-06
1.47	8.29887e-06
1.471	8.395e-06
1.472	8.48949e-06
1.473	8.76728e-06
1.474	8.47602e-06
1.475	8.52745e-06
1.476	8.54284e-06
1.477	8.65738e-06
1.478	8.72626e-06
1.479	8.79077e-06
1.48	9.08956e-06
1.481	9.19815e-06
1.482	9.18113e-06
1.483	8.98819e-06
1.484	9.20717e-06
1.485	9.11146e-06
1.486	9.13306e-06
1.487	9.2839e-06
1.488	9.20822e-06
1.489	9.45635e-06
1.49	9.55224e-06
1.491	9.38932e-06
1.492	9.68631e-06
1.493	9.60283e-06
1.494	9.69421e-06
1.495	9.72815e-06
1.496	9.84239e-06
1.497	9.66866e-06
1.498	9.87858e-06
1.499	9.79858e-06
1.5	9.86669e-06
1.501	1.0394e-05
1.502	1.01198e-05
1.503	1.01271e-05
1.504	1.01657e-05
1.505	1.02025e-05
1.506	1.01721e-05
1.507	1.04059e-05
1.508	1.05959e-05
1.509	1.0378e-05
1.51	1.02206e-05
1.511	1.04773e-05
1.512	1.07068e-05
1.513	1.07883e-05
1.514	1.03698e-05
1.515	1.06726e-05
1.516	1.09251e-05
1.517	1.06078e-05
1.518	1.10732e-05
1.519	1.13438e-05
1.52	1.09403e-05
1.521	1.098e-05
1.522	1.11703e-05
1.523	1.09599e-05
1.524	1.11218e-05
1.525	1.14497e-05
1.526	1.14403e-05
1.527	1.16732e-05
1.528	1.13041e-05
1.529	1.12992e-05
1.53	1.16496e-05
1.531	1.12885e-05
1.532	1.16792e-05
1.533	1.18222e-05
1.534	1.17128e-05
1.535	1.19442e-05
1.536	1.2019e-05
1.537	1.21175e-05
1.538	1.23871e-05
1.539	1.19435e-05
1.54	1.25244e-05
1.541	1.23461e-05
1.542	1.25224e-05
1.543	1.23682e-05
1.544	1.29716e-05
1.545	1.23705e-05
1.546	1.26476e-05
1.547	1.30421e-05
1.548	1.25324e-05
1.549	1.32131e-05
1.55	1.28997e-05
1.551	1.29347e-05
1.552	1.31768e-05
1.553	1.32625e-05
1.554	1.32456e-05
1.555	1.33413e-05
1.556	1.3387e-05
1.557	1.33718e-05
1.558	1.35949e-05
1.559	1.33322e-05
1.56	1.37838e-05
1.561	1.38035e-05
1.562	1.37032e-05
1.563	1.36313e-05
1.564	1.37342e-05
1.565	1.37689e-05
1.566	1.4032e-05
1.567	1.43209e-05
1.568	1.45105e-05
1.569	1.47283e-05
1.57	1.42297e-05
1.571	1.42592e-05
1.572	1.42173e-05
1.573	1.42693e-05
1.574	1.48145e-05
1.575	1.47952e-05
1.576	1.40426e-05
1.577	1.49408e-05
1.578	1.48303e-05
1.579	1.47042e-05
1.58	1.54154e-05
1.581	1.53816e-05
1.582	1.5207e-05
1.583	1.49406e-05
1.584	1.57693e-05
1.585	1.52942e-05
1.586	1.55946e-05
1.587	1.5598e-05
1.588	1.60519e-05
1.589	1.5704e-05
1.59	1.59713e-05
1.591	1.60061e-05
1.592	1.56425e-05
1.593	1.58758e-05
1.594	1.61587e-05
1.595	1.64127e-05
1.596	1.64388e-05
1.597	1.62212e-05
1.598	1.61654e-05
1.599	1.67897e-05
1.6	1.68231e-05
1.601	1.68172e-05
1.602	1.73487e-05
1.603	1.76461e-05
1.604	1.75524e-05
1.605	1.67093e-05
1.606	1.72714e-05
1.607	1.75185e-05
1.608	1.76174e-05
1.609	1.7389e-05
1.61	1.80607e-05
1.611	1.78478e-05
1.612	1.8101e-05
1.613	1.81591e-05
1.614	1.78717e-05
1.615	1.76707e-05
1.616	1.84336e-05
1.617	1.88565e-05
1.618	1.84305e-05
1.619	1.87997e-05
1.62	1.86791e-05
1.621	1.88882e-05
1.622	1.87963e-05
1.623	1.94998e-05
1.624	1.95107e-05
1.625	1.95707e-05
1.626	1.95079e-05
1.627	1.94053e-05
1.628	1.93586e-05
1.629	1.93687e-05
1.63	1.91505e-05
1.631	1.97484e-05
1.632	1.98055e-05
1.633	2.03989e-05
1.634	2.01523e-05
1.635	2.00935e-05
1.636	2.03293e-05
1.637	2.07951e-05
1.638	2.02208e-05
1.639	2.02912e-05
1.64	2.03639e-05
1.641	2.0817e-05
1.642	2.09581e-05
1.643	2.09495e-05
1.644	2.1241e-05
1.645	2.14452e-05
1.646	2.12578e-05
1.647	2.17877e-05
1.648	2.15488e-05
1.649	2.18517e-05
1.65	2.13949e-05
1.651	2.1362e-05
1.652	2.19112e-05
1.653	2.1573e-05
1.654	2.32563e-05
1.655	2.27454e-05
1.656	2.23172e-05
1.657	2.25218e-05
1.658	2.31336e-05
1.659	2.28644e-05
1.66	2.31867e-05
1.661	2.24384e-05
1.662	2.35221e-05
1.663	2.30851e-05
1.664	2.32152e-05
1.665	2.36955e-05
1.666	2.28268e-05
1.667	2.36455e-05
1.668	2.38945e-05
1.669	2.43971e-05
1.67	2.51673e-05
1.671	2.42562e-05
1.672	2.51674e-05
1.673	2.50421e-05
1.674	2.47833e-05
1.675	2.56374e-05
1.676	2.58142e-05
1.677	2.51746e-05
1.678	2.62465e-05
1.679	2.63149e-05
1.68	2.61168e-05
1.681	2.69405e-05
1.682	2.58466e-05
1.683	2.61986e-05
1.684	2.65054e-05
1.685	2.69384e-05
1.686	2.61126e-05
1.687	2.63349e-05
1.688	2.7569e-05
1.689	2.66219e-05
1.69	2.70226e-05
1.691	2.74868e-05
1.692	2.83559e-05
1.693	2.89115e-05
1.694	2.77211e-05
1.695	2.86215e-05
1.696	2.73533e-05
1.697	2.87691e-05
1.698	2.88358e-05
1.699	2.80997e-05
1.7	2.89384e-05
1.701	3.00746e-05
1.702	2.91193e-05
1.703	2.8632e-05
1.704	3.0318e-05
1.705	3.04574e-05
1.706	3.02904e-05
1.707	3.00645e-05
1.708	3.02581e-05
1.709	3.00798e-05
1.71	3.03635e-05
1.711	2.94761e-05
1.712	3.03485e-05
1.713	3.07606e-05
1.714	3.14062e-05
1.715	3.11869e-05
1.716	3.16907e-05
1.717	3.29926e-05
1.718	3.20939e-05
1.719	3.12319e-05
1.72	3.16275e-05
1.721	3.17144e-05
1.722	3.23089e-05
1.723	3.23834e-05
1.724	3.08754e-05
1.725	3.34628e-05
1.726	3.34148e-05
1.727	3.27456e-05
1.728	3.22624e-05
1.729	3.33589e-05
1.73	3.3589e-05
1.731	3.513e-05
1.732	3.26924e-05
1.733	3.51772e-05
1.734	3.39118e-05
1.735	3.56497e-05
1.736	3.5061e-05
1.737	3.66562e-05
1.738	3.42533e-05
1.739	3.61749e-05
1.74	3.6335e-05
1.741	3.55172e-05
1.742	3.73834e-05
1.743	3.6906e-05
1.744	3.6145e-05
1.745	3.63506e-05
1.746	3.76448e-05
1.747	3.85379e-05
1.748	3.64466e-05
1.749	3.48886e-05
1.75	3.94352e-05
1.751	3.87323e-05
1.752	3.72727e-05
1.753	3.9383e-05
1.754	3.90058e-05
1.755	3.93922e-05
1.756	3.73678e-05
1.757	3.8622e-05
1.758	3.94524e-05
1.759	4.02761e-05
1.76	4.0132e-05
1.761	3.91933e-05
1.762	4.04185e-05
1.763	4.08168e-05
1.764	4.18663e-05
1.765	4.10172e-05
1.766	4.18868e-05
1.767	4.18017e-05
1.768	4.14592e-05
1.769	4.23844e-05
1.77	4.226e-05
1.771	4.1195e-05
1.772	4.27446e-05
1.773	4.35691e-05
1.774	4.35846e-05
1.775	4.50758e-05
1.776	4.34121e-05
1.777	4.52684e-05
1.778	4.3484e-05
1.779	4.40626e-05
1.78	4.62265e-05
1.781	4.64032e-05
1.782	4.53758e-05
1.783	4.4606e-05
1.784	4.71339e-05
1.785	4.60359e-05
1.786	4.87976e-05
1.787	4.82416e-05
1.788	4.75518e-05
1.789	4.7687e-05
1.79	4.83907e-05
1.791	4.729e-05
1.792	4.8083e-05
1.793	4.70396e-05
1.794	4.79049e-05
1.795	4.81331e-05
1.796	4.86984e-05
1.797	4.89306e-05
1.798	5.07767e-05
1.799	5.08028e-05
1.8	5.01918e-05
1.801	4.84765e-05
1.802	5.21685e-05
1.803	4.94815e-05
1.804	5.00874e-05
1.805	5.20936e-05
1.806	5.18249e-05
1.807	5.13622e-05
1.808	5.10992e-05
1.809	5.14303e-05
1.81	5.06844e-05
1.811	5.32345e-05
1.812	5.51776e-05
1.813	5.67207e-05
1.814	5.55294e-05
1.815	5.52293e-05
1.816	5.53683e-05
1.817	5.67823e-05
1.818	5.80851e-05
1.819	5.4618e-05
1.82	5.74232e-05
1.821	5.71976e-05
1.822	5.81575e-05
1.823	5.47065e-05
1.824	5.6598e-05
1.825	5.56571e-05
1.826	5.65409e-05
1.827	5.83908e-05
1.828	6.05932e-05
1.829	5.80468e-05
1.83	6.10346e-05
1.831	5.73857e-05
1.832	6.10732e-05
1.833	6.03217e-05
1.834	5.86445e-05
1.835	6.00837e-05
1.836	5.80843e-05
1.837	6.5889e-05
1.838	5.96654e-05
1.839	6.13993e-05
1.84	6.24177e-05
1.841	6.35788e-05
1.842	6.0524e-05
1.843	6.47329e-05
1.844	6.50056e-05
1.845	6.53093e-05
1.846	6.63529e-05
1.847	6.49309e-05
1.848	6.98128e-05
1.849	6.53988e-05
1.85	6.83466e-05
1.851	6.95544e-05
1.852	6.77555e-05
1.853	6.81866e-05
1.854	6.77875e-05
1.855	7.04992e-05
1.856	7.29543e-05
1.857	6.82365e-05
1.858	6.7854e-05
1.859	7.11303e-05
1.86	7.5606e-05
1.861	7.0374e-05
1.862	7.29714e-05
1.863	7.59585e-05
1.864	6.99642e-05
1.865	7.43102e-05
1.866	7.3823e-05
1.867	7.66119e-05
1.868	7.15763e-05
1.869	7.4595e-05
1.87	7.22529e-05
1.871	7.48775e-05
1.872	7.63856e-05
1.873	7.61811e-05
1.874	7.68836e-05
1.875	7.87734e-05
1.876	8.45033e-05
1.877	7.95251e-05
1.878	7.51638e-05
1.879	7.86624e-05
1.88	8.28392e-05
1.881	7.83813e-05
1.882	8.4375e-05
1.883	7.9982e-05
1.884	7.84144e-05
1.885	8.31355e-05
1.886	8.16617e-05
1.887	8.2126e-05
1.888	8.69054e-05
1.889	8.36023e-05
1.89	8.48371e-05
1.891	9.28293e-05
1.892	8.56234e-05
1.893	8.7582e-05
1.894	8.78482e-05
1.895	8.352e-05
1.896	8.70894e-05
1.897	9.12064e-05
1.898	8.60053e-05
1.899	9.67512e-05
1.9	9.09182e-05
1.901	9.10581e-05
1.902	8.9348e-05
1.903	9.73362e-05
1.904	9.48384e-05
1.905	8.78016e-05
1.906	9.24013e-05
1.907	9.98111e-05
1.908	9.66699e-05
1.909	9.46843e-05
1.91	9.86648e-05
1.911	9.2833e-05
1.912	0.000100998
1.913	0.000100594
1.914	9.64754e-05
1.915	0.0001016
1.916	0.000104337
1.917	9.9403e-05
1.918	0.000106191
1.919	9.62003e-05
1.92	0.000104259
1.921	0.000106854
1.922	0.000102408
1.923	0.000112441
1.924	0.000109082
1.925	0.000107575
1.926	0.000105256
1.927	0.000105408
1.928	0.000110288
1.929	0.00011015
1.93	0.000126446
1.931	0.000104325
1.932	0.000110488
1.933	0.000110115
1.934	0.000128354
1.935	0.000115735
1.936	0.000119609
1.937	0.000114651
1.938	0.000121839
1.939	0.00011386
1.94	0.000113975
1.941	0.000126697
1.942	0.000126937
1.943	0.000122377
1.944	0.000116374
1.945	0.000127835
1.946	0.000121887
1.947	0.000123897
1.948	0.000131124
1.949	0.000131073
1.95	0.000131252
1.951	0.000139245
1.952	0.000128309
1.953	0.000134512
1.954	0.000133146
1.955	0.000125719
1.956	0.000135338
1.957	0.000143429
1.958	0.000133415
1.959	0.000125553
1.96	0.000148139
1.961	0.000139558
1.962	0.000150377
1.963	0.000144457
1.964	0.000142116
1.965	0.000140209
1.966	0.000143505
1.967	0.000137452
1.968	0.000149585
1.969	0.000139365
1.97	0.000158293
1.971	0.000160226
1.972	0.000152066
1.973	0.000159037
1.974	0.000152404
1.975	0.000146562
1.976	0.000146889
1.977	0.00015907
1.978	0.000178378
1.979	0.000150283
1.98	0.000158648
1.981	0.000157996
1.982	0.000154441
1.983	0.000164921
1.984	0.000171183
1.985	0.000163864
1.986	0.000159603
1.987	0.000182267
1.988	0.00016709
1.989	0.000168584
1.99	0.000170872
1.991	0.000173174
1.992	0.000167627
1.993	0.000169513
1.994	0.000173566
1.995	0.000172029
1.996	0.000180066
1.997	0.000197194
1.998	0.000187208
1.999	0.000170442
2	0.000195715
2.001	0.000176076
2.002	0.000189864
2.003	0.000179361
2.004	0.000202256
2.005	0.000176356
2.006	0.000193714
2.007	0.000191507
2.008	0.000200633
2.009	0.000203911
2.01	0.000185569
2.011	0.000203875
2.012	0.00021039
2.013	0.00021187
2.014	0.000193539
2.015	0.000212584
2.016	0.000221579
2.017	0.000216465
2.018	0.000235432
2.019	0.000212214
2.02	0.000212202
2.021	0.00019557
2.022	0.000206089
2.023	0.00022075
2.024	0.000203394
2.025	0.000237382
2.026	0.000241079
2.027	0.000233972
2.028	0.00023649
2.029	0.000251237
2.03	0.000232239
2.031	0.000222281
2.032	0.000235852
2.033	0.000236855
2.034	0.000242512
2.035	0.000235326
2.036	0.00024437
2.037	0.000232633
2.038	0.000259247
2.039	0.000245886
2.04	0.000263689
2.041	0.000254083
2.042	0.000236568
2.043	0.000270222
2.044	0.000259825
2.045	0.000282943
2.046	0.000254495
2.047	0.000291345
2.048	0.000298896
2.049	0.000273428
2.05	0.000279303
2.051	0.000268813
2.052	0.000311409
2.053	0.000292109
2.054	0.000305543
2.055	0.000311391
2.056	0.000279048
2.057	0.00031089
2.058	0.00031661
2.059	0.000286181
2.06	0.000292824
2.061	0.000393116
2.062	0.000313427
2.063	0.000300041
2.064	0.000413555
2.065	0.000325022
2.066	0.000291586
2.067	0.00034705
2.068	0.000369315
2.069	0.000374402
2.07	0.000298218
2.071	0.000297871
2.072	0.000330251
2.073	0.000360132
2.074	0.000352796
2.075	0.000345063
2.076	0.000513956
2.077	0.000379671
2.078	0.000381962
2.079	0.000392709
2.08	0.000352353
2.081	0.000322134
2.082	0.000395287
2.083	0.000359624
2.084	0.00035723
2.085	0.000422046
2.086	0.000454913
2.087	0.000356822
2.088	0.000393004
2.089	0.00043167
2.09	0.00041825
2.091	0.000375866
2.092	0.000420622
2.093	0.000384502
2.094	0.000435371
2.095	0.000420379
2.096	0.000511754
2.097	0.000499324
2.098	0.000407644
2.099	0.000442758
2.1	0.000426645
2.101	0.00044285
2.102	0.000462367
2.103	0.000537993
2.104	0.000442346
2.105	0.000474134
2.106	0.00050089
2.107	0.000638684
2.108	0.000540387
2.109	0.000504187
2.11	0.000452178
2.111	0.000451586
2.112	0.000531245
2.113	0.000618264
2.114	0.000671271
2.115	0.000499331
2.116	0.000629264
2.117	0.00051222
2.118	0.000534147
2.119	0.000567262
2.12	0.000853005
2.121	0.000575723
2.122	0.000517026
2.123	0.00059366
2.124	0.000649031
2.125	0.000675329
2.126	0.000583175
2.127	0.000633361
2.128	0.000606876
2.129	0.000668873
2.13	0.000681311
2.131	0.000598987
2.132	0.000770185
2.133	0.000682303
2.134	0.0010407
2.135	0.00105501
2.136	0.000820005
2.137	0.000673562
2.138	0.000671903
2.139	0.000935597
2.14	0.000620533
2.141	0.000741515
2.142	0.000845074
2.143	0.000755377
2.144	0.0009904
2.145	0.000994191
2.146	0.00121259
2.147	0.000919188
2.148	0.00074083
2.149	0.00098642
2.15	0.000988346
2.151	0.000700152
2.152	0.000721501
2.153	0.000840568
2.154	0.00125369
2.155	0.000938765
2.156	0.000887042
2.157	0.00333658
2.158	0.00159848
2.159	0.00131104
2.16	0.000977682
2.161	0.0010637
2.162	0.000967627
2.163	0.00114898
2.164	0.000814653
2.165	0.00116969
2.166	0.0016836
2.167	0.00126752
2.168	0.000984038
2.169	0.00141168
2.17	0.00180939
2.171	0.000950454
2.172	0.001204
2.173	0.00112972
2.174	0.00117817
2.175	0.00137939
2.176	0.00187823
2.177	0.00233081
2.178	0.0034761
2.179	0.00117454
2.18	0.00148072
2.181	0.00171751
2.182	0.00195985
2.183	0.00133402
2.184	0.00202586
2.185	0.00219184
2.186	0.00146616
2.187	0.00159637
2.188	0.00135986
2.189	0.00126459
2.19	0.00127196
2.191	0.00211559
2.192	0.00148575
2.193	0.00154031
2.194	0.00163636
2.195	0.00140017
2.196	0.00196922
2.197	0.00225748
2.198	0.00230686
2.199	0.00211701
2.2	0.00134437
2.201	0.00204159
2.202	0.00193912
2.203	0.00358523
2.204	0.0022577
2.205	0.00226547
2.206	0.00236679
2.207	0.00255145
2.208	0.00324405
2.209	0.00245774
2.21	0.00170625
2.211	0.00262204
2.212	0.00933732
2.213	0.00330155
2.214	0.00233729
2.215	0.00283825
2.216	0.0025443
2.217	0.00375018
2.218	0.00196025
2.219	0.00467464
2.22	0.00306231
2.221	0.00658117
2.222	0.00804423
2.223	0.00399817
2.224	0.00523612
2.225	0.00292313
2.226	0.00676352
2.227	0.00513498
2.228	0.00649245
2.229	0.0571686
2.23	0.00996709
2.231	0.00895168
2.232	0.00549436
2.233	0.0064682
2.234	0.00572936
2.235	0.00477052
2.236	0.00643349
2.237	0.00469912
2.238	0.00702496
2.239	0.0152466
2.24	0.0053615
2.241	0.00514566
2.242	0.0147812
2.243	0.0169731
2.244	0.0129404
2.245	0.00426261
2.246	0.480667
2.247	0.00594309
2.248	0.00908056
2.249	0.0166868
2.25	0.0323499
2.251	0.0131509
2.252	0.00703874
2.253	0.00536542
2.254	0.00963779
2.255	0.0117144
2.256	0.0202349
2.257	0.0131839
2.258	0.00931159
2.259	0.0206834
2.26	0.269674
2.261	0.00610144
2.262	0.00998951
2.263	0.0172358
2.264	0.0108278
2.265	0.0134035
2.266	0.24291
2.267	0.00805648
2.268	0.00822132
2.269	0.237156
2.27	0.0830766
2.271	0.255836
2.272	0.0744703
2.273	0.0160569
2.274	0.0086503
2.275	0.0165206
2.276	0.0378101
2.277	0.00994095
2.278	0.028914
2.279	0.243666
2.28	0.0128358
2.281	0.0156311
2.282	0.0412986
2.283	0.0205798
2.284	0.0434625
2.285	0.0172828
2.286	0.020689
2.287	0.0245406
2.288	0.0350143
2.289	0.0364916
2.29	0.196721
2.291	0.120979
2.292	0.152565
2.293	0.311435
2.294	0.219748
2.295	0.0708986
2.296	0.164631
2.297	0.0432771
2.298	0.0565349
2.299	0.0721513
2.3	0.0318932
2.301	0.164862
2.302	0.0841967
2.303	0.205121
2.304	0.207565
2.305	0.118681
2.306	0.0373474
2.307	0.137607
2.308	0.193757
2.309	0.0872546
2.31	0.0455118
2.311	0.0974566
2.312	0.0738891
2.313	0.0411133
2.314	0.0914501
2.315	0.0605234
2.316	0.138629
2.317	0.131291
2.318	0.101458
2.319	0.116847
2.32	0.102596
2.321	0.102364
2.322	0.157831
2.323	0.0947275
2.324	0.184367
2.325	0.0803875
2.326	0.0963238
2.327	0.0889742
2.328	0.133647
2.329	0.0854272
2.33	0.084428
2.331	0.113643
2.332	0.106525
2.333	0.0859913
2.334	0.100202
2.335	0.0773673
2.336	0.108256
2.337	0.118147
2.338	0.0577874
2.339	0.0758045
2.34	0.0824535
2.341	0.126553
2.342	0.0316267
2.343	0.049037
2.344	0.0726042
2.345	0.0816491
2.346	0.0642732
2.347	0.0624263
2.348	0.0773594
2.349	0.0821565
2.35	0.0691263
2.351	0.0604169
2.352	0.0904773
2.353	0.0874552
2.354	0.0525385
2.355	0.0601624
2.356	0.0686877
2.357	0.0744963
2.358	0.05801
2.359	0.0731512
2.36	0.0589234
2.361	0.0428521
2.362	0.0636785
2.363	0.0770307
2.364	0.0647112
2.365	0.074825
2.366	0.0597772
2.367	0.0536538
2.368	0.0503177
2.369	0.0512488
2.37	0.0487239
2.371	0.0625369
2.372	0.0591927
2.373	0.0355644
2.374	0.0466407
2.375	0.054234
2.376	0.0559706
2.377	0.0519139
2.378	0.0448116
2.379	0.0478198
2.38	0.0361807
2.381	0.05078
2.382	0.0562724
2.383	0.03078
2.384	0.0351632
2.385	0.0419043
2.386	0.0451427
2.387	0.0392691
2.388	0.0437576
2.389	0.0375446
2.39	0.0338618
2.391	0.0260053
2.392	0.0500102
2.393	0.0419377
2.394	0.03296
2.395	0.0435342
2.396	0.032021
2.397	0.0351404
2.398	0.0293761
2.399	0.0301479
2.4	0.0505211
2.401	0.0358048
2.402	0.0295592
2.403	0.0429787
2.404	0.0290199
2.405	0.034923
2.406	0.0391062
2.407	0.0399591
2.408	0.0357184
2.409	0.0252424
2.41	0.0325462
2.411	0.0283966
2.412	0.0381952
2.413	0.0290228
2.414	0.0391567
2.415	0.0362301
2.416	0.034307
2.417	0.036354
2.418	0.0273795
2.419	0.0337672
2.42	0.0276159
2.421	0.0274303
2.422	0.030866
2.423	0.0287365
2.424	0.0312011
2.425	0.0317873
2.426	0.0249023
2.427	0.027293
2.428	0.0273669
2.429	0.02915
2.43	0.0265395
2.431	0.0300435
2.432	0.0330931
2.433	0.0218409
2.434	0.0215578
2.435	0.0227239
2.436	0.0207498
2.437	0.0210906
2.438	0.0261342
2.439	0.0272796
2.44	0.0239925
2.441	0.0254072
2.442	0.0220385
2.443	0.02586
2.444	0.0288787
2.445	0.0213665
2.446	0.0248595
2.447	0.0194076
2.448	0.0227226
2.449	0.0217851
2.45	0.0186175
2.451	0.0220367
2.452	0.019083
2.453	0.0166434
2.454	0.0212158
2.455	0.0183545
2.456	0.0185887
2.457	0.0174653
2.458	0.018561
2.459	0.0174351
2.46	0.0209668
2.461	0.0208195
2.462	0.0195012
2.463	0.0187895
2.464	0.0196105
2.465	0.0188146
2.466	0.021407
2.467	0.0182054
2.468	0.0161065
2.469	0.0194649
2.47	0.0175913
2.471	0.0154612
2.472	0.02367
2.473	0.0168668
2.474	0.0179152
2.475	0.0166858
2.476	0.0143991
2.477	0.0141978
2.478	0.0167257
2.479	0.0162658
2.48	0.0140383
2.481	0.0204062
2.482	0.0171807
2.483	0.0144731
2.484	0.0153199
2.485	0.021883
2.486	0.0186465
2.487	0.014715
2.488	0.0139008
2.489	0.0164472
2.49	0.0190296
2.491	0.0165979
2.492	0.0184737
2.493	0.0147432
2.494	0.0199652
2.495	0.016989
2.496	0.0152703
2.497	0.0138001
2.498	0.0155204
2.499	0.0174967
2.5	0.0125422
2.501	0.0132688
2.502	0.0158188
2.503	0.0135958
2.504	0.0160777
2.505	0.0172583
2.506	0.0158542
2.507	0.0128555
2.508	0.0162466
2.509	0.0128243
2.51	0.0134329
2.511	0.0153871
2.512	0.0165207
2.513	0.0133551
2.514	0.0160223
2.515	0.0130887
2.516	0.0128194
2.517	0.0126882
2.518	0.0160338
2.519	0.0135064
2.52	0.0150814
2.521	0.0114368
2.522	0.0110687
2.523	0.015022
2.524	0.010442
2.525	0.0120991
2.526	0.0135447
2.527	0.0145525
2.528	0.01399
2.529	0.0107503
2.53	0.0125748
2.531	0.0102785
2.532	0.0139266
2.533	0.0116702
2.534	0.0114135
2.535	0.0125706
2.536	0.0122288
2.537	0.0109596
2.538	0.0115494
2.539	0.0100651
2.54	0.0107452
2.541	0.0123477
2.542	0.0129505
2.543	0.0127315
2.544	0.0124962
2.545	0.0116797
2.546	0.0101186
2.547	0.0117364
2.548	0.0108806
2.549	0.011973
2.55	0.0100582
2.551	0.0107138
2.552	0.0119383
2.553	0.0112116
2.554	0.0123432
2.555	0.0116134
2.556	0.0110489
2.557	0.0091562
2.558	0.0125895
2.559	0.00928678
2.56	0.00965186
2.561	0.0119818
2.562	0.00908227
2.563	0.00997558
2.564	0.00979
2.565	0.0119062
2.566	0.0102298
2.567	0.0116245
2.568	0.00969009
2.569	0.00989164
2.57	0.0108775
2.571	0.00925693
2.572	0.00818205
2.573	0.0114173
2.574	0.0103517
2.575	0.00956015
2.576	0.0099719
2.577	0.0103561
2.578	0.0105921
2.579	0.0105721
2.58	0.00870297
2.581	0.00881054
2.582	0.00967523
2.583	0.0083672
2.584	0.0090269
2.585	0.0114122
2.586	0.0094466
2.587	0.0095066
2.588	0.00924058
2.589	0.00915476
2.59	0.00874554
2.591	0.00860201
2.592	0.0102236
2.593	0.00901859
2.594	0.00833795
2.595	0.00824164
2.596	0.00850583
2.597	0.00861567
2.598	0.00951871
2.599	0.00850568
2.6	0.00828152
2.601	0.008617
2.602	0.00938936
2.603	0.00957958
2.604	0.00794881
2.605	0.00941886
2.606	0.00780185
2.607	0.00899706
2.608	0.00975331
2.609	0.00783095
2.61	0.00910205
2.611	0.00714678
2.612	0.00885855
2.613	0.0086569
2.614	0.00943205
2.615	0.00847721
2.616	0.00795117
2.617	0.0077127
2.618	0.00829958
2.619	0.00772029
2.62	0.00857385
2.621	0.00688969
2.622	0.0081012
2.623	0.00785699
2.624	0.00811832
2.625	0.00749194
2.626	0.0085266
2.627	0.00765938
2.628	0.00681143
2.629	0.00835222
2.63	0.00674522
2.631	0.00827199
2.632	0.0074438
2.633	0.00738455
2.634	0.00861349
2.635	0.00800876
2.636	0.00760423
2.637	0.00785697
2.638	0.00621113
2.639	0.00720505
2.64	0.00710823
2.641	0.00722048
2.642	0.00765894
2.643	0.00706141
2.644	0.00678968
2.645	0.00784929
2.646	0.0077523
2.647	0.00696286
2.648	0.00610613
2.649	0.0071491
2.65	0.00719479
2.651	0.00697765
2.652	0.00661172
2.653	0.00685101
2.654	0.00603616
2.655	0.00662867
2.656	0.00654982
2.657	0.00629317
2.658	0.00710795
2.659	0.00588573
2.66	0.00706906
2.661	0.00714148
2.662	0.00641753
2.663	0.00682076
2.664	0.0066076
2.665	0.00668508
2.666	0.00650032
2.667	0.00712405
2.668	0.00630681
2.669	0.00590303
2.67	0.00651343
2.671	0.0064789
2.672	0.00668686
2.673	0.00698683
2.674	0.00658001
2.675	0.0067591
2.676	0.00566625
2.677	0.00655911
2.678	0.00649411
2.679	0.00592395
2.68	0.00608409
2.681	0.0066096
2.682	0.00664017
2.683	0.00573667
2.684	0.00675292
2.685	0.0059601
2.686	0.0067132
2.687	0.00638449
2.688	0.00602611
2.689	0.00590834
2.69	0.00590121
2.691	0.00647377
2.692	0.0060653
2.693	0.00588424
2.694	0.00655444
2.695	0.00594701
2.696	0.00612905
2.697	0.00558252
2.698	0.00641202
2.699	0.00679661
2.7	0.00559152
2.701	0.00584788
2.702	0.00555431
2.703	0.00600046
2.704	0.00567824
2.705	0.00578951
2.706	0.00608631
2.707	0.00615318
2.708	0.00586441
2.709	0.00525876
2.71	0.00643818
2.711	0.00599843
2.712	0.00500437
2.713	0.00524375
2.714	0.00554736
2.715	0.00613611
2.716	0.00536579
2.717	0.00567335
2.718	0.00523493
2.719	0.00528609
2.72	0.00532223
2.721	0.00519602
2.722	0.00546383
2.723	0.00555744
2.724	0.00504404
2.725	0.00521935
2.726	0.00514915
2.727	0.00594048
2.728	0.00563397
2.729	0.005391
2.73	0.00537679
2.731	0.00598845
2.732	0.00535578
2.733	0.00564157
2.734	0.005352
2.735	0.00510788
2.736	0.00539653
2.737	0.00502438
2.738	0.00518469
2.739	0.00465274
2.74	0.00507783
2.741	0.00524465
2.742	0.00493187
2.743	0.00490354
2.744	0.00500046
2.745	0.00489705
2.746	0.00520244
2.747	0.00543029
2.748	0.00563303
2.749	0.00515653
2.75	0.00553114
2.751	0.00525774
2.752	0.00481455
2.753	0.00492785
2.754	0.00481303
2.755	0.00484038
2.756	0.00524609
2.757	0.00459627
2.758	0.00523477
2.759	0.00448302
2.76	0.00537344
2.761	0.00499617
2.762	0.00493027
2.763	0.00456455
2.764	0.00439097
2.765	0.00483033
2.766	0.00515547
2.767	0.0042543
2.768	0.0043516
2.769	0.00453568
2.77	0.00475724
2.771	0.00474082
2.772	0.0047046
2.773	0.00493279
2.774	0.00451729
2.775	0.00491966
2.776	0.00457859
2.777	0.00484325
2.778	0.00460782
2.779	0.00415932
2.78	0.0045205
2.781	0.00478269
2.782	0.0044866
2.783	0.0048238
2.784	0.00431153
2.785	0.00461904
2.786	0.00472416
2.787	0.00398073
2.788	0.00470754
2.789	0.00449372
2.79	0.00460859
2.791	0.00429312
2.792	0.00447163
2.793	0.00453068
2.794	0.00442258
2.795	0.00427362
2.796	0.00437145
2.797	0.00455052
2.798	0.00413649
2.799	0.00465649
2.8	0.0044317
2.801	0.0042523
2.802	0.0047085
2.803	0.0041809
2.804	0.00445511
2.805	0.00439543
2.806	0.00443509
2.807	0.0045591
2.808	0.00421356
2.809	0.00393525
2.81	0.00443308
2.811	0.00454232
2.812	0.0041519
2.813	0.00436006
2.814	0.00407289
2.815	0.00419879
2.816	0.00445842
2.817	0.00429113
2.818	0.004211
2.819	0.0041964
2.82	0.00431635
2.821	0.00415239
2.822	0.00439722
2.823	0.00416502
2.824	0.00443454
2.825	0.00418676
2.826	0.00395534
2.827	0.00400554
2.828	0.00403973
2.829	0.00380489
2.83	0.00427684
2.831	0.00446169
2.832	0.00407915
2.833	0.00387748
2.834	0.00423729
2.835	0.00375036
2.836	0.0038375
2.837	0.00383893
2.838	0.00433923
2.839	0.0040904
2.84	0.0043507
2.841	0.00430887
2.842	0.00394159
2.843	0.0038264
2.844	0.00387205
2.845	0.00375618
2.846	0.00384763
2.847	0.00382429
2.848	0.00388994
2.849	0.00376163
2.85	0.00421315
2.851	0.0035996
2.852	0.00400444
2.853	0.00386338
2.854	0.00359928
2.855	0.00408725
2.856	0.00382643
2.857	0.00367538
2.858	0.00389657
2.859	0.00376313
2.86	0.00365951
2.861	0.00397007
2.862	0.00387857
2.863	0.00350181
2.864	0.00352459
2.865	0.00352174
2.866	0.00353685
2.867	0.00382242
2.868	0.00399294
2.869	0.00377998
2.87	0.00404863
2.871	0.00353125
2.872	0.00362232
2.873	0.0035822
2.874	0.0035074
2.875	0.0034402
2.876	0.00383273
2.877	0.00360013
2.878	0.00364066
2.879	0.0034765
2.88	0.00389889
2.881	0.00350317
2.882	0.0034908
2.883	0.00362478
2.884	0.00367441
2.885	0.00358216
2.886	0.00355412
2.887	0.00323815
2.888	0.0033516
2.889	0.00334753
2.89	0.00330976
2.891	0.00344777
2.892	0.00346977
2.893	0.00374496
2.894	0.00362081
2.895	0.00335907
2.896	0.00328514
2.897	0.0032915
2.898	0.00334667
2.899	0.0034474
2.9	0.00333839
2.901	0.00346071
2.902	0.00342421
2.903	0.00334764
2.904	0.00367209
2.905	0.00327853
2.906	0.00328509
2.907	0.00361561
2.908	0.00335469
2.909	0.00342533
2.91	0.00333546
2.911	0.00351921
2.912	0.00350453
2.913	0.00343139
2.914	0.003535
2.915	0.00342335
2.916	0.00332733
2.917	0.00344695
2.918	0.00331851
2.919	0.0034546
2.92	0.00329479
2.921	0.00336908
2.922	0.00312699
2.923	0.00348066
2.924	0.00335507
2.925	0.00340228
2.926	0.00318719
2.927	0.00328481
2.928	0.00365222
2.929	0.00321153
2.93	0.00345285
2.931	0.00337736
2.932	0.00315142
2.933	0.00346309
2.934	0.003103
2.935	0.00303239
2.936	0.00315112
2.937	0.00325135
2.938	0.00307203
2.939	0.00314812
2.94	0.00324591
2.941	0.00305851
2.942	0.00327599
2.943	0.00303413
2.944	0.00308546
2.945	0.00281846
2.946	0.00315499
2.947	0.00303578
2.948	0.00323511
2.949	0.00315669
2.95	0.003133
2.951	0.00294002
2.952	0.00345246
2.953	0.00309886
2.954	0.00291575
2.955	0.00288519
2.956	0.00307347
2.957	0.00321213
2.958	0.00323293
2.959	0.00282339
2.96	0.00299614
2.961	0.00277245
2.962	0.00293272
2.963	0.00312581
2.964	0.00314502
2.965	0.00286426
2.966	0.00279765
2.967	0.00310554
2.968	0.00311179
2.969	0.00313627
2.97	0.00302659
2.971	0.00329142
2.972	0.00296432
2.973	0.00291647
2.974	0.00293813
2.975	0.0029896
2.976	0.00308844
2.977	0.00292228
2.978	0.00271196
2.979	0.00285885
2.98	0.0028506
2.981	0.00293021
2.982	0.0030268
2.983	0.00301302
2.984	0.00307547
2.985	0.0029226
2.986	0.00299078
2.987	0.0029776
2.988	0.00300013
2.989	0.00307417
2.99	0.00293657
2.991	0.0029557
2.992	0.00304076
2.993	0.00293519
2.994	0.00289724
2.995	0.00288717
2.996	0.00273582
2.997	0.00309034
2.998	0.00282911
2.999	0.00275843
3	0.00276726
3.001	0.00294417
3.002	0.00271376
3.003	0.00274512
3.004	0.00279792
3.005	0.00297004
3.006	0.00293353
3.007	0.00280472
3.008	0.00286567
3.009	0.00292963
3.01	0.00267098
3.011	0.00271288
3.012	0.00279288
3.013	0.00289499
3.014	0.0028271
3.015	0.00268635
3.016	0.00284536
3.017	0.00293016
3.018	0.00286723
3.019	0.00272793
3.02	0.00254144
3.021	0.00295128
3.022	0.00258332
3.023	0.00274401
3.024	0.00245761
3.025	0.00253639
3.026	0.00271915
3.027	0.00268571
3.028	0.00286107
3.029	0.00277844
3.03	0.00278534
3.031	0.00254234
3.032	0.00308869
3.033	0.00285714
3.034	0.00270512
3.035	0.00268678
3.036	0.00269429
3.037	0.00262966
3.038	0.00247963
3.039	0.00277123
3.04	0.00261166
3.041	0.00269947
3.042	0.00278368
3.043	0.00238946
3.044	0.00265062
3.045	0.00242723
3.046	0.00246536
3.047	0.00237836
3.048	0.00268324
3.049	0.00263352
3.05	0.00270378
3.051	0.00259754
3.052	0.0025275
3.053	0.00238129
3.054	0.00246529
3.055	0.00255902
3.056	0.00231796
3.057	0.00262392
3.058	0.00258139
3.059	0.00233019
3.06	0.00236084
3.061	0.00251078
3.062	0.00245184
3.063	0.00264288
3.064	0.00252489
3.065	0.00254325
3.066	0.00241281
3.067	0.00256655
3.068	0.00266811
3.069	0.00241283
3.07	0.002465
3.071	0.00239692
3.072	0.00244661
3.073	0.00238666
3.074	0.00253603
3.075	0.0024403
3.076	0.00250798
3.077	0.00241199
3.078	0.00237752
3.079	0.00267475
3.08	0.00240057
3.081	0.00243619
3.082	0.00263667
3.083	0.0025297
3.084	0.00238314
3.085	0.00251235
3.086	0.00235752
3.087	0.00239907
3.088	0.0025989
3.089	0.00248801
3.09	0.00226732
3.091	0.00231878
3.092	0.00251979
3.093	0.00234991
3.094	0.00241016
3.095	0.00249587
3.096	0.0024907
3.097	0.00246301
3.098	0.00227982
3.099	0.00251911
3.1	0.00246483
3.101	0.00255297
3.102	0.00250024
3.103	0.00229578
3.104	0.00240188
3.105	0.00243336
3.106	0.00255352
3.107	0.00239511
3.108	0.00243049
3.109	0.00240028
3.11	0.0024509
3.111	0.00235522
3.112	0.00228718
3.113	0.00230642
3.114	0.00238075
3.115	0.002385
3.116	0.00243541
3.117	0.00226717
3.118	0.00236963
3.119	0.00222756
3.12	0.00233359
3.121	0.00235117
3.122	0.00237936
3.123	0.0023184
3.124	0.00238727
3.125	0.00226171
3.126	0.00243741
3.127	0.00219476
3.128	0.00224219
3.129	0.00227435
3.13	0.00223819
3.131	0.00232584
3.132	0.00228357
3.133	0.00223775
3.134	0.00225772
3.135	0.00220604
3.136	0.00228693
3.137	0.00223225
3.138	0.00236959
3.139	0.0023334
3.14	0.00218021
3.141	0.00221437
3.142	0.00220633
3.143	0.00233209
3.144	0.00211841
3.145	0.00221103
3.146	0.00225364
3.147	0.00219459
3.148	0.00224902
3.149	0.00213073
3.15	0.00223525
3.151	0.00231421
3.152	0.00215128
3.153	0.00223833
3.154	0.00228608
3.155	0.00211881
3.156	0.00222323
3.157	0.00221904
3.158	0.00231249
3.159	0.00212821
3.16	0.00232537
3.161	0.00206067
3.162	0.00210923
3.163	0.00217022
3.164	0.00216207
3.165	0.00216414
3.166	0.00228405
3.167	0.00203271
3.168	0.00209443
3.169	0.00211283
3.17	0.00215809
3.171	0.00210336
3.172	0.00211837
3.173	0.00213181
3.174	0.0021607
3.175	0.00210207
3.176	0.00210662
3.177	0.00206205
3.178	0.00209369
3.179	0.0021398
3.18	0.00209527
3.181	0.00230561
3.182	0.00213987
3.183	0.00212299
3.184	0.00207569
3.185	0.00214061
3.186	0.00218115
3.187	0.00212087
3.188	0.00205885
3.189	0.00207391
3.19	0.00210692
3.191	0.0021441
3.192	0.00202848
3.193	0.00212004
3.194	0.00198207
3.195	0.00207596
3.196	0.00197091
3.197	0.00212935
3.198	0.00204889
3.199	0.00199097
3.2	0.00204375
3.201	0.00205895
3.202	0.00208689
3.203	0.00202471
3.204	0.00201492
3.205	0.0020246
3.206	0.00204623
3.207	0.0019768
3.208	0.00202821
3.209	0.00198463
3.21	0.00198322
3.211	0.00211002
3.212	0.00207065
3.213	0.00215813
3.214	0.00204574
3.215	0.00192085
3.216	0.00211133
3.217	0.00204261
3.218	0.00206081
3.219	0.00214656
3.22	0.00205853
3.221	0.00194051
3.222	0.00199549
3.223	0.00197945
3.224	0.00212303
3.225	0.00194345
3.226	0.00190385
3.227	0.00192979
3.228	0.00191833
3.229	0.00218051
3.23	0.00187401
3.231	0.00192091
3.232	0.00192387
3.233	0.00207219
3.234	0.00195766
3.235	0.0019189
3.236	0.00201246
3.237	0.00186557
3.238	0.00205686
3.239	0.0019415
3.24	0.00204103
3.241	0.00198395
3.242	0.00206812
3.243	0.00186174
3.244	0.00197192
3.245	0.00190334
3.246	0.00193268
3.247	0.00192609
3.248	0.0019432
3.249	0.00190988
3.25	0.00194018
3.251	0.0020201
3.252	0.00198656
3.253	0.00194764
3.254	0.0019349
3.255	0.00196689
3.256	0.00186256
3.257	0.00187243
3.258	0.00186536
3.259	0.0019072
3.26	0.0018349
3.261	0.00198915
3.262	0.00197189
3.263	0.00182809
3.264	0.00193341
3.265	0.00180557
3.266	0.00192368
3.267	0.00180256
3.268	0.00200405
3.269	0.001818
3.27	0.00185849
3.271	0.00188484
3.272	0.00187262
3.273	0.00187158
3.274	0.00193634
3.275	0.0018056
3.276	0.00197619
3.277	0.00192596
3.278	0.00180591
3.279	0.00190832
3.28	0.00196484
3.281	0.00184293
3.282	0.00175792
3.283	0.00188299
3.284	0.00185883
3.285	0.00184334
3.286	0.00189813
3.287	0.0018412
3.288	0.00183816
3.289	0.00173878
3.29	0.00189023
3.291	0.00187465
3.292	0.00195247
3.293	0.00182436
3.294	0.0019696
3.295	0.00191158
3.296	0.0018975
3.297	0.00178927
3.298	0.00188717
3.299	0.00182643
3.3	0.00177282
3.301	0.00177982
3.302	0.00185246
3.303	0.00177464
3.304	0.00189668
3.305	0.0018604
3.306	0.00187078
3.307	0.00183615
3.308	0.00185389
3.309	0.00192231
3.31	0.00173096
3.311	0.00179644
3.312	0.00181579
3.313	0.00180896
3.314	0.00181509
3.315	0.00184272
3.316	0.00173911
3.317	0.00174159
3.318	0.00183431
3.319	0.00182738
3.32	0.00165884
3.321	0.00174551
3.322	0.00169403
3.323	0.00172274
3.324	0.00177364
3.325	0.00178601
3.326	0.00179101
3.327	0.0018608
3.328	0.00174552
3.329	0.0017357
3.33	0.00180132
3.331	0.00176401
3.332	0.00179747
3.333	0.00167518
3.334	0.00174486
3.335	0.00179619
3.336	0.00165039
3.337	0.00179731
3.338	0.0017883
3.339	0.00174694
3.34	0.00179135
3.341	0.00189677
3.342	0.00175676
3.343	0.00173599
3.344	0.00169946
3.345	0.0018484
3.346	0.00173131
3.347	0.00170474
3.348	0.00173773
3.349	0.00176736
3.35	0.0016438
3.351	0.00171562
3.352	0.0016505
3.353	0.00167853
3.354	0.00174222
3.355	0.00165917
3.356	0.00188062
3.357	0.00182815
3.358	0.0016446
3.359	0.00177579
3.36	0.0018629
3.361	0.00168185
3.362	0.00174499
3.363	0.00174402
3.364	0.00163612
3.365	0.00176789
3.366	0.00167848
3.367	0.00167851
3.368	0.00170083
3.369	0.00166534
3.37	0.00173184
3.371	0.00166177
3.372	0.00177059
3.373	0.00166739
3.374	0.00170486
3.375	0.00168191
3.376	0.00158854
3.377	0.00168356
3.378	0.00164109
3.379	0.00176856
3.38	0.00166829
3.381	0.00174869
3.382	0.00168409
3.383	0.00165123
3.384	0.00166795
3.385	0.00168516
3.386	0.00164724
3.387	0.0016522
3.388	0.00169881
3.389	0.00163467
3.39	0.00160782
3.391	0.00170554
3.392	0.00161303
3.393	0.00159734
3.394	0.00163848
3.395	0.00160299
3.396	0.00165099
3.397	0.0017021
3.398	0.00175579
3.399	0.00163671
3.4	0.0015789
3.401	0.00156812
3.402	0.00162121
3.403	0.00172021
3.404	0.00161377
3.405	0.00164978
3.406	0.00160355
3.407	0.00167727
3.408	0.00156095
3.409	0.00161965
3.41	0.00165111
3.411	0.00162068
3.412	0.00160584
3.413	0.00158633
3.414	0.0016894
3.415	0.00165494
3.416	0.00158483
3.417	0.00151132
3.418	0.00159047
3.419	0.00157965
3.42	0.00164301
3.421	0.00174025
3.422	0.00160267
3.423	0.00158032
3.424	0.00164724
3.425	0.00158121
3.426	0.00156592
3.427	0.00154793
3.428	0.00161586
3.429	0.00163531
3.43	0.00156321
3.431	0.00160118
3.432	0.00158922
3.433	0.00157583
3.434	0.00163443
3.435	0.00165312
3.436	0.00152266
3.437	0.00157836
3.438	0.00156959
3.439	0.00158433
3.44	0.0015851
3.441	0.00165318
3.442	0.00158137
3.443	0.00154891
3.444	0.0015735
3.445	0.0015565
3.446	0.00161077
3.447	0.00152341
3.448	0.00155185
3.449	0.0015295
3.45	0.00152141
3.451	0.00152606
3.452	0.00148526
3.453	0.00153902
3.454	0.0014769
3.455	0.00150578
3.456	0.00156904
3.457	0.00149842
3.458	0.00167254
3.459	0.00147877
3.46	0.0015467
3.461	0.00149513
3.462	0.00154538
3.463	0.00153084
3.464	0.00155535
3.465	0.0015492
3.466	0.0014372
3.467	0.00151994
3.468	0.00154965
3.469	0.00151647
3.47	0.00156203
3.471	0.00161055
3.472	0.00159274
3.473	0.0014782
3.474	0.00154381
3.475	0.0015462
3.476	0.00150775
3.477	0.00150151
3.478	0.00152984
3.479	0.0014968
3.48	0.00153533
3.481	0.00155467
3.482	0.00147494
3.483	0.00154621
3.484	0.00145007
3.485	0.00145191
3.486	0.00154549
3.487	0.00151391
3.488	0.00157538
3.489	0.00148167
3.49	0.00153166
3.491	0.00149636
3.492	0.00150266
3.493	0.0014822
3.494	0.00153728
3.495	0.00154151
3.496	0.00149767
3.497	0.00155786
3.498	0.00145177
3.499	0.00147958
3.5	0.0015176
3.501	0.00140903
3.502	0.00152343
3.503	0.00152386
3.504	0.00151882
3.505	0.00148758
3.506	0.00151422
3.507	0.00153245
3.508	0.00151079
3.509	0.00148906
3.51	0.00152722
3.511	0.00149931
3.512	0.00146985
3.513	0.00152991
3.514	0.00149194
3.515	0.00149792
3.516	0.00140598
3.517	0.00147731
3.518	0.00148213
3.519	0.00149473
3.52	0.00152323
3.521	0.00147474
3.522	0.0015063
3.523	0.00136585
3.524	0.00142128
3.525	0.00149397
3.526	0.00144885
3.527	0.00155714
3.528	0.00144027
3.529	0.00143477
3.53	0.00144539
3.531	0.00147222
3.532	0.00144453
3.533	0.00147857
3.534	0.00147358
3.535	0.00148713
3.536	0.00146715
3.537	0.00142348
3.538	0.00148635
3.539	0.00140888
3.54	0.00148835
3.541	0.00139417
3.542	0.00147485
3.543	0.00143942
3.544	0.00146704
3.545	0.00148049
3.546	0.00144837
3.547	0.00145223
3.548	0.00142648
3.549	0.00145835
3.55	0.00143802
3.551	0.001444
3.552	0.00139582
3.553	0.00146463
3.554	0.00139057
3.555	0.00139003
3.556	0.00147889
3.557	0.00143361
3.558	0.00144297
3.559	0.00137375
3.56	0.00141145
3.561	0.00142558
3.562	0.00139341
3.563	0.00140342
3.564	0.00153578
3.565	0.00143583
3.566	0.001391
3.567	0.00137652
3.568	0.00138791
3.569	0.0013996
3.57	0.00139516
3.571	0.00143541
3.572	0.00138538
3.573	0.00134613
3.574	0.00137095
3.575	0.00142178
3.576	0.00132496
3.577	0.00143824
3.578	0.00145021
3.579	0.00141799
3.58	0.00139666
3.581	0.00140482
3.582	0.00142792
3.583	0.00134044
3.584	0.00141423
3.585	0.00133084
3.586	0.00140753
3.587	0.00139135
3.588	0.00144434
3.589	0.00137302
3.59	0.00139395
3.591	0.00137063
3.592	0.00137766
3.593	0.0012961
3.594	0.00141543
3.595	0.00136826
3.596	0.00141807
3.597	0.00136394
3.598	0.00134923
3.599	0.00139508
3.6	0.00137041
3.601	0.00138712
3.602	0.00136857
3.603	0.0013431
3.604	0.00135905
3.605	0.0013561
3.606	0.0013952
3.607	0.00143589
3.608	0.00138431
3.609	0.00138915
3.61	0.00132198
3.611	0.00137065
3.612	0.00131436
3.613	0.00134771
3.614	0.00133247
3.615	0.00135853
3.616	0.00136309
3.617	0.00134987
3.618	0.00137949
3.619	0.00130192
3.62	0.00135673
3.621	0.00135077
3.622	0.00140443
3.623	0.00139533
3.624	0.00130089
3.625	0.0013499
3.626	0.00138717
3.627	0.00131341
3.628	0.00131274
3.629	0.00135512
3.63	0.00135327
3.631	0.00136407
3.632	0.00130553
3.633	0.00133354
3.634	0.00128589
3.635	0.00132284
3.636	0.00133458
3.637	0.00127238
3.638	0.00141246
3.639	0.00126907
3.64	0.0013358
3.641	0.00133752
3.642	0.00133361
3.643	0.00129227
3.644	0.00133798
3.645	0.00134917
3.646	0.00126049
3.647	0.00133575
3.648	0.00132824
3.649	0.00130609
3.65	0.0013232
3.651	0.00132083
3.652	0.00127183
3.653	0.0013774
3.654	0.00131111
3.655	0.00127613
3.656	0.00130287
3.657	0.00133906
3.658	0.00129294
3.659	0.00131412
3.66	0.00132865
3.661	0.00130772
3.662	0.00131066
3.663	0.00130017
3.664	0.00129923
3.665	0.00126818
3.666	0.00139337
3.667	0.00128619
3.668	0.00129344
3.669	0.00130059
3.67	0.00128161
3.671	0.00128956
3.672	0.00127132
3.673	0.00135941
3.674	0.00127597
3.675	0.00125778
3.676	0.00125102
3.677	0.00131041
3.678	0.00137188
3.679	0.00126032
3.68	0.0013026
3.681	0.00125781
3.682	0.00130095
3.683	0.00125112
3.684	0.00126133
3.685	0.00133467
3.686	0.00128237
3.687	0.00130173
3.688	0.00129739
3.689	0.00128373
3.69	0.00137958
3.691	0.00126
3.692	0.0012272
3.693	0.00125028
3.694	0.00125191
3.695	0.00125803
3.696	0.00132463
3.697	0.00128648
3.698	0.00134089
3.699	0.00127839
3.7	0.00124548
3.701	0.00125266
3.702	0.00126904
3.703	0.00127418
3.704	0.00126174
3.705	0.00124221
3.706	0.00130572
3.707	0.00124219
3.708	0.00128769
3.709	0.0012654
3.71	0.00127959
3.711	0.00125967
3.712	0.00117861
3.713	0.00127661
3.714	0.00125179
3.715	0.00126696
3.716	0.00125542
3.717	0.00122937
3.718	0.00120807
3.719	0.00126521
3.72	0.00119533
3.721	0.00118493
3.722	0.00125432
3.723	0.00122102
3.724	0.00128329
3.725	0.00117462
3.726	0.00127766
3.727	0.00125594
3.728	0.00122965
3.729	0.00125933
3.73	0.00123821
3.731	0.00121363
3.732	0.00130383
3.733	0.00124927
3.734	0.00123725
3.735	0.00123732
3.736	0.00121372
3.737	0.00118293
3.738	0.00123492
3.739	0.0012481
3.74	0.00117467
3.741	0.00122837
3.742	0.00123741
3.743	0.00126761
3.744	0.00121134
3.745	0.00119289
3.746	0.00118667
3.747	0.00124217
3.748	0.00122557
3.749	0.00122162
3.75	0.00122545
3.751	0.00120493
3.752	0.00122766
3.753	0.00123012
3.754	0.00124581
3.755	0.00118519
3.756	0.00118348
3.757	0.00122111
3.758	0.00120445
3.759	0.00121126
3.76	0.00120637
3.761	0.00122195
3.762	0.00119972
3.763	0.00122074
3.764	0.00123377
3.765	0.00116784
3.766	0.00119569
3.767	0.00117476
3.768	0.00115868
3.769	0.00125919
3.77	0.00126041
3.771	0.00121092
3.772	0.00120403
3.773	0.00124274
3.774	0.00120798
3.775	0.00116893
3.776	0.00117601
3.777	0.00118651
3.778	0.00117831
3.779	0.0012281
3.78	0.00121048
3.781	0.00120639
3.782	0.00118869
3.783	0.00120435
3.784	0.00118503
3.785	0.00118239
3.786	0.00121941
3.787	0.00115624
3.788	0.00121603
3.789	0.00119903
3.79	0.00124074
3.791	0.00122861
3.792	0.00119773
3.793	0.00121583
3.794	0.00118964
3.795	0.00117596
3.796	0.00116767
3.797	0.00121998
3.798	0.00117314
3.799	0.00121222
3.8	0.00117606
3.801	0.00116958
3.802	0.00120782
3.803	0.00122183
3.804	0.0011978
3.805	0.00116775
3.806	0.00119103
3.807	0.00114761
3.808	0.00121124
3.809	0.00119483
3.81	0.00121667
3.811	0.00113574
3.812	0.00119859
3.813	0.00118165
3.814	0.00112269
3.815	0.00118898
3.816	0.00121361
3.817	0.00117026
3.818	0.00120042
3.819	0.00116799
3.82	0.00116973
3.821	0.00120635
3.822	0.00111223
3.823	0.00117162
3.824	0.00115336
3.825	0.00118065
3.826	0.00117395
3.827	0.00117973
3.828	0.00117466
3.829	0.00114125
3.83	0.00113274
3.831	0.00113627
3.832	0.00118879
3.833	0.00112229
3.834	0.00110783
3.835	0.00110424
3.836	0.00116724
3.837	0.00111827
3.838	0.00113215
3.839	0.00114176
3.84	0.00120792
3.841	0.00117864
3.842	0.00119636
3.843	0.00115634
3.844	0.0011625
3.845	0.00113998
3.846	0.00115657
3.847	0.0011365
3.848	0.00115905
3.849	0.00114416
3.85	0.00116052
3.851	0.00111441
3.852	0.00114883
3.853	0.00113539
3.854	0.00114044
3.855	0.0011934
3.856	0.00108686
3.857	0.001103
3.858	0.00111656
3.859	0.00116383
3.86	0.00112757
3.861	0.00115565
3.862	0.00108909
3.863	0.00119759
3.864	0.00114719
3.865	0.00115476
3.866	0.00114285
3.867	0.00111363
3.868	0.00114455
3.869	0.00114328
3.87	0.00112143
3.871	0.00109413
3.872	0.00109173
3.873	0.00112303
3.874	0.00109558
3.875	0.00113988
3.876	0.00111057
3.877	0.0011159
3.878	0.00114547
3.879	0.0011145
3.88	0.00109761
3.881	0.00106671
3.882	0.0011346
3.883	0.00112008
3.884	0.00115796
3.885	0.00111273
3.886	0.00111379
3.887	0.00111088
3.888	0.00110009
3.889	0.00108581
3.89	0.00109851
3.891	0.00111429
3.892	0.00107422
3.893	0.0011064
3.894	0.00109887
3.895	0.00112455
3.896	0.00112406
3.897	0.0011385
3.898	0.00112798
3.899	0.00111771
3.9	0.00107611
3.901	0.00106659
3.902	0.00110393
3.903	0.00106729
3.904	0.00111419
3.905	0.00113771
3.906	0.00107743
3.907	0.00109738
3.908	0.00110681
3.909	0.00105777
3.91	0.00111828
3.911	0.00106145
3.912	0.00106796
3.913	0.0011066
3.914	0.00106955
3.915	0.00110401
3.916	0.00108125
3.917	0.00109943
3.918	0.00109524
3.919	0.00108688
3.92	0.00106662
3.921	0.00108297
3.922	0.00107115
3.923	0.00105177
3.924	0.00106421
3.925	0.00107789
3.926	0.00109447
3.927	0.00107004
3.928	0.00106405
3.929	0.00105134
3.93	0.00109488
3.931	0.00107494
3.932	0.00107195
3.933	0.00108533
3.934	0.00105929
3.935	0.0010897
3.936	0.00107717
3.937	0.00110269
3.938	0.00107728
3.939	0.00105685
3.94	0.00108428
3.941	0.00107825
3.942	0.00109301
3.943	0.00110339
3.944	0.00104276
3.945	0.00110485
3.946	0.0010932
3.947	0.00109559
3.948	0.00110563
3.949	0.00110791
3.95	0.00102043
3.951	0.00104084
3.952	0.00107603
3.953	0.00106571
3.954	0.00109591
3.955	0.00107015
3.956	0.00103632
3.957	0.00107684
3.958	0.00105973
3.959	0.00105891
3.96	0.00107725
3.961	0.00104634
3.962	0.00105126
3.963	0.00105486
3.964	0.00108865
3.965	0.0010087
3.966	0.00107781
3.967	0.00108661
3.968	0.00108252
3.969	0.00106444
3.97	0.00104255
3.971	0.00108603
3.972	0.00104839
3.973	0.00100792
3.974	0.00104334
3.975	0.00106752
3.976	0.00104534
3.977	0.00104653
3.978	0.00106249
3.979	0.00105537
3.98	0.00105312
3.981	0.00104017
3.982	0.00105373
3.983	0.00105839
3.984	0.0010399
3.985	0.00105555
3.986	0.00106376
3.987	0.00106733
3.988	0.0010665
3.989	0.0010075
3.99	0.00107402
3.991	0.00106223
3.992	0.00104466
3.993	0.00105377
3.994	0.00108102
3.995	0.00103574
3.996	0.00102905
3.997	0.00099341
3.998	0.0010421
3.999	0.001055
4	0.00104432
