0.7	0.999978
0.701	0.999977
0.702	0.999979
0.703	0.999978
0.704	0.999978
0.705	0.999976
0.706	0.999975
0.707	0.999974
0.708	0.999974
0.709	0.999973
0.71	0.999973
0.711	0.999972
0.712	0.999972
0.713	0.99997
0.714	0.999972
0.715	0.99997
0.716	0.99997
0.717	0.999973
0.718	0.999971
0.719	0.999972
0.72	0.999968
0.721	0.999968
0.722	0.999965
0.723	0.999968
0.724	0.999969
0.725	0.999966
0.726	0.999966
0.727	0.999964
0.728	0.999966
0.729	0.999965
0.73	0.999964
0.731	0.999964
0.732	0.999968
0.733	0.999962
0.734	0.999965
0.735	0.999962
0.736	0.999961
0.737	0.999962
0.738	0.999959
0.739	0.99996
0.74	0.99996
0.741	0.99996
0.742	0.999957
0.743	0.999956
0.744	0.999958
0.745	0.999955
0.746	0.999953
0.747	0.999956
0.748	0.999954
0.749	0.999952
0.75	0.999952
0.751	0.999951
0.752	0.999951
0.753	0.999948
0.754	0.999945
0.755	0.99995
0.756	0.999949
0.757	0.999948
0.758	0.999953
0.759	0.999947
0.76	0.999945
0.761	0.999944
0.762	0.999947
0.763	0.999945
0.764	0.99994
0.765	0.999944
0.766	0.99994
0.767	0.999936
0.768	0.999943
0.769	0.999938
0.77	0.99994
0.771	0.999937
0.772	0.999935
0.773	0.999938
0.774	0.999936
0.775	0.99993
0.776	0.999929
0.777	0.999932
0.778	0.999929
0.779	0.999929
0.78	0.999925
0.781	0.999924
0.782	0.999925
0.783	0.999924
0.784	0.999923
0.785	0.999921
0.786	0.999923
0.787	0.999919
0.788	0.999917
0.789	0.999919
0.79	0.999917
0.791	0.999915
0.792	0.999911
0.793	0.999917
0.794	0.999913
0.795	0.999912
0.796	0.999911
0.797	0.999908
0.798	0.999909
0.799	0.99991
0.8	0.999905
0.801	0.999907
0.802	0.999907
0.803	0.999905
0.804	0.999906
0.805	0.999903
0.806	0.999899
0.807	0.9999
0.808	0.999897
0.809	0.999894
0.81	0.999893
0.811	0.999892
0.812	0.999895
0.813	0.999895
0.814	0.999886
0.815	0.999884
0.816	0.999886
0.817	0.999883
0.818	0.999886
0.819	0.999883
0.82	0.999892
0.821	0.999879
0.822	0.999878
0.823	0.999872
0.824	0.999877
0.825	0.99987
0.826	0.999871
0.827	0.99987
0.828	0.999867
0.829	0.999865
0.83	0.999866
0.831	0.999867
0.832	0.999862
0.833	0.999863
0.834	0.999859
0.835	0.999857
0.836	0.999857
0.837	0.999852
0.838	0.999855
0.839	0.999847
0.84	0.999855
0.841	0.999844
0.842	0.999845
0.843	0.999843
0.844	0.999838
0.845	0.999848
0.846	0.99984
0.847	0.999841
0.848	0.999833
0.849	0.99983
0.85	0.999834
0.851	0.999827
0.852	0.999831
0.853	0.99982
0.854	0.99982
0.855	0.999822
0.856	0.999821
0.857	0.999817
0.858	0.999817
0.859	0.999809
0.86	0.999807
0.861	0.999811
0.862	0.999806
0.863	0.9998
0.864	0.999799
0.865	0.999798
0.866	0.999794
0.867	0.999784
0.868	0.999791
0.869	0.999782
0.87	0.999791
0.871	0.999789
0.872	0.99979
0.873	0.999786
0.874	0.999776
0.875	0.999779
0.876	0.99977
0.877	0.999766
0.878	0.999757
0.879	0.999769
0.88	0.999762
0.881	0.999768
0.882	0.999758
0.883	0.999756
0.884	0.999754
0.885	0.999752
0.886	0.99975
0.887	0.999757
0.888	0.999739
0.889	0.999734
0.89	0.999741
0.891	0.999734
0.892	0.999733
0.893	0.99973
0.894	0.999723
0.895	0.999725
0.896	0.999716
0.897	0.999724
0.898	0.999714
0.899	0.999719
0.9	0.999717
0.901	0.999702
0.902	0.999701
0.903	0.999706
0.904	0.999704
0.905	0.999696
0.906	0.999692
0.907	0.999695
0.908	0.999686
0.909	0.999682
0.91	0.999679
0.911	0.999681
0.912	0.999672
0.913	0.999672
0.914	0.999668
0.915	0.999672
0.916	0.999658
0.917	0.999653
0.918	0.999651
0.919	0.999651
0.92	0.99965
0.921	0.999642
0.922	0.999637
0.923	0.999636
0.924	0.999634
0.925	0.999625
0.926	0.999636
0.927	0.999629
0.928	0.999621
0.929	0.999617
0.93	0.999614
0.931	0.999608
0.932	0.999609
0.933	0.999614
0.934	0.999596
0.935	0.999603
0.936	0.999587
0.937	0.999594
0.938	0.99959
0.939	0.999578
0.94	0.999574
0.941	0.999568
0.942	0.999563
0.943	0.999561
0.944	0.999552
0.945	0.999561
0.946	0.999545
0.947	0.999534
0.948	0.999552
0.949	0.999541
0.95	0.999537
0.951	0.999527
0.952	0.999524
0.953	0.999518
0.954	0.99951
0.955	0.999499
0.956	0.999513
0.957	0.999506
0.958	0.999494
0.959	0.999489
0.96	0.99949
0.961	0.99949
0.962	0.999481
0.963	0.999474
0.964	0.99948
0.965	0.999465
0.966	0.999463
0.967	0.999457
0.968	0.999452
0.969	0.999437
0.97	0.999437
0.971	0.999444
0.972	0.99944
0.973	0.999419
0.974	0.999418
0.975	0.999418
0.976	0.999417
0.977	0.999398
0.978	0.999406
0.979	0.999386
0.98	0.999392
0.981	0.999372
0.982	0.999384
0.983	0.999376
0.984	0.999369
0.985	0.999372
0.986	0.999365
0.987	0.999346
0.988	0.999351
0.989	0.999331
0.99	0.999331
0.991	0.999322
0.992	0.999336
0.993	0.999323
0.994	0.999313
0.995	0.999298
0.996	0.999302
0.997	0.999297
0.998	0.999288
0.999	0.999292
1	0.99928
1.001	0.99927
1.002	0.999263
1.003	0.999247
1.004	0.999249
1.005	0.999243
1.006	0.999232
1.007	0.999226
1.008	0.999237
1.009	0.999208
1.01	0.999207
1.011	0.999199
1.012	0.999202
1.013	0.999208
1.014	0.999194
1.015	0.999196
1.016	0.999183
1.017	0.999166
1.018	0.999163
1.019	0.999149
1.02	0.999145
1.021	0.999145
1.022	0.999146
1.023	0.999117
1.024	0.999114
1.025	0.999102
1.026	0.999103
1.027	0.999095
1.028	0.999091
1.029	0.999083
1.03	0.999083
1.031	0.999068
1.032	0.999049
1.033	0.999052
1.034	0.999056
1.035	0.999045
1.036	0.999024
1.037	0.999026
1.038	0.999002
1.039	0.999007
1.04	0.999007
1.041	0.999005
1.042	0.998998
1.043	0.998987
1.044	0.998986
1.045	0.998951
1.046	0.99896
1.047	0.998941
1.048	0.998919
1.049	0.998936
1.05	0.998922
1.051	0.998909
1.052	0.998908
1.053	0.998927
1.054	0.998906
1.055	0.998894
1.056	0.998868
1.057	0.998861
1.058	0.998851
1.059	0.998851
1.06	0.998831
1.061	0.998838
1.062	0.998823
1.063	0.998811
1.064	0.998803
1.065	0.99879
1.066	0.99877
1.067	0.998772
1.068	0.998753
1.069	0.998761
1.07	0.998733
1.071	0.998751
1.072	0.998731
1.073	0.998716
1.074	0.998713
1.075	0.99871
1.076	0.99868
1.077	0.998673
1.078	0.998664
1.079	0.998673
1.08	0.998651
1.081	0.998641
1.082	0.998612
1.083	0.998616
1.084	0.998623
1.085	0.998581
1.086	0.998587
1.087	0.998575
1.088	0.998573
1.089	0.998556
1.09	0.998541
1.091	0.998552
1.092	0.998525
1.093	0.99853
1.094	0.998505
1.095	0.998499
1.096	0.998485
1.097	0.998473
1.098	0.99849
1.099	0.998452
1.1	0.998437
1.101	0.99844
1.102	0.998432
1.103	0.998428
1.104	0.998425
1.105	0.998406
1.106	0.99837
1.107	0.998371
1.108	0.99835
1.109	0.998342
1.11	0.99833
1.111	0.998316
1.112	0.998305
1.113	0.998294
1.114	0.99828
1.115	0.998281
1.116	0.998246
1.117	0.998263
1.118	0.998223
1.119	0.998206
1.12	0.998229
1.121	0.998205
1.122	0.998195
1.123	0.998183
1.124	0.998141
1.125	0.998126
1.126	0.998142
1.127	0.998118
1.128	0.99814
1.129	0.998113
1.13	0.998083
1.131	0.998064
1.132	0.998062
1.133	0.998034
1.134	0.99804
1.135	0.998002
1.136	0.998044
1.137	0.998023
1.138	0.997981
1.139	0.997987
1.14	0.997973
1.141	0.997967
1.142	0.997947
1.143	0.997918
1.144	0.997887
1.145	0.997886
1.146	0.997856
1.147	0.997881
1.148	0.997864
1.149	0.997846
1.15	0.997795
1.151	0.997783
1.152	0.997796
1.153	0.997789
1.154	0.997782
1.155	0.997748
1.156	0.99773
1.157	0.997739
1.158	0.997711
1.159	0.99772
1.16	0.997684
1.161	0.997677
1.162	0.997644
1.163	0.997638
1.164	0.997621
1.165	0.997622
1.166	0.997587
1.167	0.997557
1.168	0.997567
1.169	0.99756
1.17	0.997518
1.171	0.997495
1.172	0.99752
1.173	0.997482
1.174	0.997463
1.175	0.997436
1.176	0.997413
1.177	0.997407
1.178	0.997396
1.179	0.997384
1.18	0.997336
1.181	0.997335
1.182	0.997332
1.183	0.997351
1.184	0.997278
1.185	0.997286
1.186	0.997269
1.187	0.997247
1.188	0.997225
1.189	0.997199
1.19	0.997218
1.191	0.997153
1.192	0.997176
1.193	0.997176
1.194	0.997153
1.195	0.997092
1.196	0.997083
1.197	0.997086
1.198	0.997077
1.199	0.997039
1.2	0.997025
1.201	0.997041
1.202	0.997009
1.203	0.996987
1.204	0.99698
1.205	0.996906
1.206	0.996902
1.207	0.996875
1.208	0.996849
1.209	0.996882
1.21	0.996837
1.211	0.996827
1.212	0.996808
1.213	0.996791
1.214	0.996765
1.215	0.996745
1.216	0.99669
1.217	0.996739
1.218	0.996717
1.219	0.9967
1.22	0.996643
1.221	0.996612
1.222	0.996625
1.223	0.996606
1.224	0.996571
1.225	0.996546
1.226	0.996537
1.227	0.99647
1.228	0.996469
1.229	0.996461
1.23	0.996461
1.231	0.996445
1.232	0.996407
1.233	0.996374
1.234	0.996339
1.235	0.996362
1.236	0.996283
1.237	0.996323
1.238	0.996272
1.239	0.996272
1.24	0.996225
1.241	0.996232
1.242	0.996194
1.243	0.996195
1.244	0.996162
1.245	0.996138
1.246	0.996088
1.247	0.996083
1.248	0.996057
1.249	0.996039
1.25	0.996014
1.251	0.995991
1.252	0.99599
1.253	0.995963
1.254	0.995913
1.255	0.995868
1.256	0.995909
1.257	0.995947
1.258	0.995806
1.259	0.995794
1.26	0.995777
1.261	0.995763
1.262	0.995757
1.263	0.995737
1.264	0.99569
1.265	0.995693
1.266	0.99568
1.267	0.995585
1.268	0.995587
1.269	0.995583
1.27	0.995521
1.271	0.995502
1.272	0.995508
1.273	0.995483
1.274	0.995479
1.275	0.995423
1.276	0.995381
1.277	0.99541
1.278	0.995366
1.279	0.995358
1.28	0.995299
1.281	0.995287
1.282	0.995246
1.283	0.99521
1.284	0.995207
1.285	0.995185
1.286	0.995132
1.287	0.995136
1.288	0.995119
1.289	0.995083
1.29	0.995044
1.291	0.995038
1.292	0.994993
1.293	0.994977
1.294	0.99495
1.295	0.994935
1.296	0.994854
1.297	0.994881
1.298	0.994791
1.299	0.994821
1.3	0.994753
1.301	0.994714
1.302	0.994734
1.303	0.994683
1.304	0.994662
1.305	0.99464
1.306	0.9946
1.307	0.994544
1.308	0.994559
1.309	0.994545
1.31	0.994481
1.311	0.994478
1.312	0.994437
1.313	0.994428
1.314	0.994332
1.315	0.994365
1.316	0.994306
1.317	0.99428
1.318	0.99424
1.319	0.994215
1.32	0.994188
1.321	0.994173
1.322	0.994136
1.323	0.994091
1.324	0.994064
1.325	0.994049
1.326	0.994033
1.327	0.993984
1.328	0.993986
1.329	0.993946
1.33	0.993876
1.331	0.99389
1.332	0.993794
1.333	0.993785
1.334	0.993768
1.335	0.993725
1.336	0.993713
1.337	0.993684
1.338	0.993653
1.339	0.993575
1.34	0.993607
1.341	0.993559
1.342	0.993533
1.343	0.993469
1.344	0.993382
1.345	0.993398
1.346	0.993366
1.347	0.993347
1.348	0.993277
1.349	0.993283
1.35	0.993247
1.351	0.99323
1.352	0.99314
1.353	0.993154
1.354	0.993135
1.355	0.993112
1.356	0.993047
1.357	0.993028
1.358	0.992942
1.359	0.992933
1.36	0.992924
1.361	0.992834
1.362	0.992839
1.363	0.992838
1.364	0.992744
1.365	0.992698
1.366	0.992703
1.367	0.992617
1.368	0.992669
1.369	0.992595
1.37	0.992561
1.371	0.992513
1.372	0.992525
1.373	0.992438
1.374	0.992385
1.375	0.992361
1.376	0.992378
1.377	0.992318
1.378	0.992205
1.379	0.992212
1.38	0.992129
1.381	0.992121
1.382	0.992127
1.383	0.992044
1.384	0.992081
1.385	0.991961
1.386	0.991929
1.387	0.991907
1.388	0.991861
1.389	0.991825
1.39	0.9918
1.391	0.991749
1.392	0.9917
1.393	0.991693
1.394	0.991659
1.395	0.991569
1.396	0.991522
1.397	0.991462
1.398	0.991526
1.399	0.991407
1.4	0.991366
1.401	0.991312
1.402	0.99126
1.403	0.991257
1.404	0.991179
1.405	0.991204
1.406	0.991116
1.407	0.991131
1.408	0.991052
1.409	0.991009
1.41	0.990936
1.411	0.990942
1.412	0.990903
1.413	0.990785
1.414	0.990823
1.415	0.990711
1.416	0.990682
1.417	0.990678
1.418	0.990647
1.419	0.990546
1.42	0.990537
1.421	0.990511
1.422	0.990445
1.423	0.990445
1.424	0.99034
1.425	0.990307
1.426	0.990256
1.427	0.990258
1.428	0.990171
1.429	0.990116
1.43	0.990053
1.431	0.990015
1.432	0.990006
1.433	0.989981
1.434	0.989945
1.435	0.98991
1.436	0.989846
1.437	0.989787
1.438	0.989708
1.439	0.989672
1.44	0.989618
1.441	0.989564
1.442	0.989571
1.443	0.989454
1.444	0.989501
1.445	0.989465
1.446	0.989331
1.447	0.989286
1.448	0.989233
1.449	0.989149
1.45	0.989144
1.451	0.989094
1.452	0.989118
1.453	0.989019
1.454	0.989007
1.455	0.988949
1.456	0.988842
1.457	0.988852
1.458	0.988731
1.459	0.988629
1.46	0.988652
1.461	0.988593
1.462	0.988504
1.463	0.988574
1.464	0.988495
1.465	0.988397
1.466	0.988354
1.467	0.988264
1.468	0.988185
1.469	0.988261
1.47	0.988201
1.471	0.988163
1.472	0.988091
1.473	0.988023
1.474	0.987906
1.475	0.987879
1.476	0.987874
1.477	0.987745
1.478	0.98775
1.479	0.987631
1.48	0.987591
1.481	0.987551
1.482	0.987407
1.483	0.987524
1.484	0.987354
1.485	0.987329
1.486	0.987329
1.487	0.987191
1.488	0.987239
1.489	0.987135
1.49	0.987015
1.491	0.987026
1.492	0.986863
1.493	0.986815
1.494	0.98687
1.495	0.986703
1.496	0.986733
1.497	0.986684
1.498	0.986636
1.499	0.986658
1.5	0.986444
1.501	0.986347
1.502	0.986405
1.503	0.986397
1.504	0.986337
1.505	0.98619
1.506	0.98614
1.507	0.986018
1.508	0.986002
1.509	0.985913
1.51	0.985967
1.511	0.9859
1.512	0.985804
1.513	0.98574
1.514	0.98569
1.515	0.985579
1.516	0.985505
1.517	0.985499
1.518	0.985467
1.519	0.985331
1.52	0.985237
1.521	0.985222
1.522	0.985166
1.523	0.985096
1.524	0.985099
1.525	0.984954
1.526	0.984979
1.527	0.984917
1.528	0.984842
1.529	0.984756
1.53	0.984636
1.531	0.98457
1.532	0.984555
1.533	0.984447
1.534	0.984423
1.535	0.98446
1.536	0.984279
1.537	0.98418
1.538	0.984212
1.539	0.98421
1.54	0.984096
1.541	0.983907
1.542	0.983877
1.543	0.983789
1.544	0.983659
1.545	0.983735
1.546	0.983696
1.547	0.983502
1.548	0.983519
1.549	0.98336
1.55	0.983328
1.551	0.983342
1.552	0.983288
1.553	0.983143
1.554	0.983102
1.555	0.983021
1.556	0.982986
1.557	0.982793
1.558	0.982834
1.559	0.982719
1.56	0.982657
1.561	0.982503
1.562	0.982526
1.563	0.982471
1.564	0.982369
1.565	0.982256
1.566	0.982209
1.567	0.982143
1.568	0.981977
1.569	0.981917
1.57	0.981862
1.571	0.981793
1.572	0.981803
1.573	0.981714
1.574	0.981642
1.575	0.981534
1.576	0.98149
1.577	0.981388
1.578	0.981254
1.579	0.981248
1.58	0.981167
1.581	0.981093
1.582	0.98094
1.583	0.980963
1.584	0.980881
1.585	0.980791
1.586	0.98064
1.587	0.980602
1.588	0.980616
1.589	0.980495
1.59	0.980405
1.591	0.980457
1.592	0.980299
1.593	0.98018
1.594	0.980092
1.595	0.980014
1.596	0.979953
1.597	0.979997
1.598	0.979876
1.599	0.979679
1.6	0.9796
1.601	0.979506
1.602	0.979526
1.603	0.979352
1.604	0.979219
1.605	0.979286
1.606	0.979217
1.607	0.979117
1.608	0.978952
1.609	0.978885
1.61	0.978744
1.611	0.978703
1.612	0.978737
1.613	0.978482
1.614	0.978489
1.615	0.97834
1.616	0.978279
1.617	0.978211
1.618	0.978178
1.619	0.978005
1.62	0.97807
1.621	0.977793
1.622	0.977924
1.623	0.97759
1.624	0.977639
1.625	0.977445
1.626	0.97738
1.627	0.977477
1.628	0.977207
1.629	0.977243
1.63	0.977114
1.631	0.9769
1.632	0.977042
1.633	0.976692
1.634	0.976833
1.635	0.976721
1.636	0.976473
1.637	0.976408
1.638	0.976334
1.639	0.976257
1.64	0.976147
1.641	0.976135
1.642	0.975952
1.643	0.975907
1.644	0.97582
1.645	0.975694
1.646	0.975651
1.647	0.975521
1.648	0.975399
1.649	0.975427
1.65	0.975211
1.651	0.975117
1.652	0.975069
1.653	0.974872
1.654	0.974832
1.655	0.974879
1.656	0.974709
1.657	0.974644
1.658	0.974472
1.659	0.974385
1.66	0.974226
1.661	0.97399
1.662	0.973962
1.663	0.974003
1.664	0.973978
1.665	0.97376
1.666	0.973881
1.667	0.973537
1.668	0.973531
1.669	0.973202
1.67	0.973247
1.671	0.973468
1.672	0.973053
1.673	0.97286
1.674	0.972853
1.675	0.972646
1.676	0.97265
1.677	0.97261
1.678	0.972308
1.679	0.97216
1.68	0.972341
1.681	0.972118
1.682	0.971942
1.683	0.971972
1.684	0.971689
1.685	0.971729
1.686	0.971671
1.687	0.971503
1.688	0.971323
1.689	0.971192
1.69	0.971127
1.691	0.97107
1.692	0.970939
1.693	0.97075
1.694	0.970826
1.695	0.97052
1.696	0.970531
1.697	0.970213
1.698	0.970182
1.699	0.970227
1.7	0.97013
1.701	0.969886
1.702	0.969814
1.703	0.969835
1.704	0.969442
1.705	0.969466
1.706	0.969282
1.707	0.969338
1.708	0.969054
1.709	0.969074
1.71	0.968843
1.711	0.968801
1.712	0.968637
1.713	0.968616
1.714	0.968404
1.715	0.968393
1.716	0.968195
1.717	0.967967
1.718	0.968196
1.719	0.967957
1.72	0.967561
1.721	0.967654
1.722	0.967669
1.723	0.967412
1.724	0.967415
1.725	0.967188
1.726	0.966995
1.727	0.966887
1.728	0.966939
1.729	0.966644
1.73	0.9664
1.731	0.966406
1.732	0.966269
1.733	0.966208
1.734	0.966255
1.735	0.965821
1.736	0.965726
1.737	0.965659
1.738	0.965636
1.739	0.965216
1.74	0.965249
1.741	0.964986
1.742	0.964971
1.743	0.964769
1.744	0.964757
1.745	0.964675
1.746	0.964545
1.747	0.964246
1.748	0.964391
1.749	0.964438
1.75	0.963869
1.751	0.963784
1.752	0.963691
1.753	0.963616
1.754	0.963385
1.755	0.963371
1.756	0.963312
1.757	0.963238
1.758	0.96288
1.759	0.962726
1.76	0.962562
1.761	0.962731
1.762	0.962415
1.763	0.962239
1.764	0.962007
1.765	0.961825
1.766	0.961903
1.767	0.961705
1.768	0.961791
1.769	0.961426
1.77	0.961141
1.771	0.96118
1.772	0.9611
1.773	0.960667
1.774	0.960755
1.775	0.960322
1.776	0.960449
1.777	0.960243
1.778	0.960183
1.779	0.960034
1.78	0.959842
1.781	0.959491
1.782	0.95956
1.783	0.95951
1.784	0.959314
1.785	0.959192
1.786	0.958887
1.787	0.958633
1.788	0.958631
1.789	0.958529
1.79	0.958362
1.791	0.958354
1.792	0.958066
1.793	0.958218
1.794	0.957661
1.795	0.957661
1.796	0.957406
1.797	0.957164
1.798	0.957009
1.799	0.957219
1.8	0.956722
1.801	0.956965
1.802	0.956342
1.803	0.956359
1.804	0.95625
1.805	0.955926
1.806	0.955809
1.807	0.955689
1.808	0.955623
1.809	0.955373
1.81	0.955437
1.811	0.955003
1.812	0.9548
1.813	0.954408
1.814	0.954597
1.815	0.954418
1.816	0.954034
1.817	0.954044
1.818	0.953753
1.819	0.953873
1.82	0.953714
1.821	0.953445
1.822	0.953299
1.823	0.953151
1.824	0.95313
1.825	0.952698
1.826	0.952742
1.827	0.952339
1.828	0.952326
1.829	0.952341
1.83	0.95193
1.831	0.951783
1.832	0.951556
1.833	0.951383
1.834	0.951508
1.835	0.950939
1.836	0.951136
1.837	0.950541
1.838	0.950845
1.839	0.950561
1.84	0.950177
1.841	0.950106
1.842	0.94999
1.843	0.949988
1.844	0.949558
1.845	0.949321
1.846	0.948904
1.847	0.948931
1.848	0.948665
1.849	0.948771
1.85	0.948086
1.851	0.948216
1.852	0.947793
1.853	0.947711
1.854	0.947917
1.855	0.947153
1.856	0.947157
1.857	0.946934
1.858	0.947041
1.859	0.946724
1.86	0.946429
1.861	0.946297
1.862	0.945838
1.863	0.945813
1.864	0.946065
1.865	0.945683
1.866	0.945652
1.867	0.945047
1.868	0.945229
1.869	0.944949
1.87	0.944824
1.871	0.944348
1.872	0.944319
1.873	0.944152
1.874	0.943847
1.875	0.943905
1.876	0.943186
1.877	0.943101
1.878	0.943458
1.879	0.94287
1.88	0.942336
1.881	0.94259
1.882	0.942037
1.883	0.942136
1.884	0.941847
1.885	0.94168
1.886	0.941403
1.887	0.941431
1.888	0.940724
1.889	0.940576
1.89	0.940596
1.891	0.940403
1.892	0.940369
1.893	0.939722
1.894	0.939675
1.895	0.940007
1.896	0.938969
1.897	0.939006
1.898	0.93911
1.899	0.938312
1.9	0.938484
1.901	0.937836
1.902	0.937909
1.903	0.93724
1.904	0.937623
1.905	0.93736
1.906	0.937007
1.907	0.936778
1.908	0.936462
1.909	0.936422
1.91	0.935826
1.911	0.93599
1.912	0.935526
1.913	0.935179
1.914	0.935739
1.915	0.934674
1.916	0.934948
1.917	0.934277
1.918	0.93412
1.919	0.934022
1.92	0.933756
1.921	0.933435
1.922	0.933646
1.923	0.933058
1.924	0.932582
1.925	0.932579
1.926	0.932454
1.927	0.932083
1.928	0.931964
1.929	0.931839
1.93	0.930932
1.931	0.931412
1.932	0.930909
1.933	0.930308
1.934	0.929527
1.935	0.929873
1.936	0.929438
1.937	0.929906
1.938	0.928676
1.939	0.929359
1.94	0.928819
1.941	0.928435
1.942	0.928458
1.943	0.928118
1.944	0.928515
1.945	0.927529
1.946	0.927516
1.947	0.927218
1.948	0.926513
1.949	0.926768
1.95	0.925787
1.951	0.926033
1.952	0.925578
1.953	0.925026
1.954	0.925127
1.955	0.925021
1.956	0.923745
1.957	0.923394
1.958	0.924094
1.959	0.924724
1.96	0.923178
1.961	0.922928
1.962	0.922673
1.963	0.922446
1.964	0.922448
1.965	0.922266
1.966	0.921932
1.967	0.921719
1.968	0.921216
1.969	0.921174
1.97	0.920456
1.971	0.91968
1.972	0.919553
1.973	0.919399
1.974	0.919257
1.975	0.919356
1.976	0.919022
1.977	0.918198
1.978	0.917824
1.979	0.918505
1.98	0.917635
1.981	0.917532
1.982	0.917315
1.983	0.916601
1.984	0.916706
1.985	0.916123
1.986	0.916472
1.987	0.914712
1.988	0.915437
1.989	0.915151
1.99	0.914821
1.991	0.914506
1.992	0.913869
1.993	0.913508
1.994	0.913385
1.995	0.913565
1.996	0.912273
1.997	0.911685
1.998	0.912785
1.999	0.912219
2	0.911154
2.001	0.911311
2.002	0.910521
2.003	0.911137
2.004	0.909938
2.005	0.91066
2.006	0.909255
2.007	0.909295
2.008	0.908458
2.009	0.907813
2.01	0.908442
2.011	0.907581
2.012	0.907993
2.013	0.906346
2.014	0.906858
2.015	0.905783
2.016	0.905629
2.017	0.905198
2.018	0.905025
2.019	0.906057
2.02	0.904607
2.021	0.904426
2.022	0.903826
2.023	0.903168
2.024	0.903987
2.025	0.902753
2.026	0.901647
2.027	0.901774
2.028	0.901645
2.029	0.900449
2.03	0.901064
2.031	0.900499
2.032	0.90076
2.033	0.899083
2.034	0.899195
2.035	0.900477
2.036	0.897739
2.037	0.898514
2.038	0.897806
2.039	0.896583
2.04	0.895958
2.041	0.896658
2.042	0.896471
2.043	0.895155
2.044	0.894974
2.045	0.894957
2.046	0.895095
2.047	0.893777
2.048	0.8935
2.049	0.893196
2.05	0.893507
2.051	0.892903
2.052	0.891857
2.053	0.891338
2.054	0.89162
2.055	0.891003
2.056	0.890591
2.057	0.889461
2.058	0.889847
2.059	0.889326
2.06	0.888478
2.061	0.887016
2.062	0.888276
2.063	0.887427
2.064	0.885355
2.065	0.886879
2.066	0.887142
2.067	0.884956
2.068	0.884705
2.069	0.884324
2.07	0.885048
2.071	0.885088
2.072	0.883022
2.073	0.881904
2.074	0.882125
2.075	0.882208
2.076	0.880345
2.077	0.882165
2.078	0.88063
2.079	0.879179
2.08	0.879408
2.081	0.880996
2.082	0.877905
2.083	0.879262
2.084	0.878057
2.085	0.875935
2.086	0.873735
2.087	0.877532
2.088	0.875684
2.089	0.874448
2.09	0.874637
2.091	0.876186
2.092	0.873825
2.093	0.872033
2.094	0.871074
2.095	0.872704
2.096	0.869564
2.097	0.869395
2.098	0.87151
2.099	0.870231
2.1	0.869796
2.101	0.867777
2.102	0.868791
2.103	0.867731
2.104	0.867707
2.105	0.866885
2.106	0.866356
2.107	0.862869
2.108	0.864989
2.109	0.865177
2.11	0.865551
2.111	0.86439
2.112	0.860807
2.113	0.860995
2.114	0.85664
2.115	0.861701
2.116	0.859609
2.117	0.858059
2.118	0.859847
2.119	0.856288
2.12	0.853889
2.121	0.85722
2.122	0.858087
2.123	0.855896
2.124	0.853008
2.125	0.854406
2.126	0.853094
2.127	0.852723
2.128	0.852776
2.129	0.852589
2.13	0.849624
2.131	0.852121
2.132	0.847557
2.133	0.849267
2.134	0.843409
2.135	0.846152
2.136	0.844719
2.137	0.8476
2.138	0.846308
2.139	0.841693
2.14	0.847168
2.141	0.843264
2.142	0.841238
2.143	0.841344
2.144	0.838418
2.145	0.838158
2.146	0.831798
2.147	0.835964
2.148	0.839109
2.149	0.833873
2.15	0.834999
2.151	0.838604
2.152	0.836751
2.153	0.834772
2.154	0.829811
2.155	0.830284
2.156	0.832954
2.157	0.817627
2.158	0.826504
2.159	0.824096
2.16	0.827762
2.161	0.827367
2.162	0.827977
2.163	0.825296
2.164	0.829693
2.165	0.824672
2.166	0.815957
2.167	0.824183
2.168	0.824406
2.169	0.815357
2.17	0.815169
2.171	0.821516
2.172	0.81309
2.173	0.816448
2.174	0.818446
2.175	0.813904
2.176	0.808509
2.177	0.805753
2.178	0.801773
2.179	0.815558
2.18	0.81019
2.181	0.806218
2.182	0.804451
2.183	0.807639
2.184	0.804625
2.185	0.798463
2.186	0.805498
2.187	0.802396
2.188	0.802551
2.189	0.804499
2.19	0.804429
2.191	0.791814
2.192	0.79845
2.193	0.794644
2.194	0.798474
2.195	0.800389
2.196	0.795975
2.197	0.787827
2.198	0.787643
2.199	0.785254
2.2	0.797061
2.201	0.783483
2.202	0.78623
2.203	0.771968
2.204	0.781311
2.205	0.773029
2.206	0.773297
2.207	0.768651
2.208	0.766834
2.209	0.775699
2.21	0.785049
2.211	0.776149
2.212	0.747053
2.213	0.760567
2.214	0.766683
2.215	0.763561
2.216	0.768679
2.217	0.761891
2.218	0.766532
2.219	0.743712
2.22	0.76104
2.221	0.740072
2.222	0.723463
2.223	0.74828
2.224	0.741757
2.225	0.748427
2.226	0.739023
2.227	0.737464
2.228	0.731603
2.229	0.644229
2.23	0.70817
2.231	0.704926
2.232	0.72764
2.233	0.719632
2.234	0.731344
2.235	0.724548
2.236	0.72705
2.237	0.737524
2.238	0.716522
2.239	0.670311
2.24	0.716193
2.241	0.717542
2.242	0.68606
2.243	0.694388
2.244	0.698528
2.245	0.721124
2.246	0.0114106
2.247	0.697352
2.248	0.690907
2.249	0.648935
2.25	0.637496
2.251	0.680303
2.252	0.676229
2.253	0.697389
2.254	0.671312
2.255	0.674337
2.256	0.639667
2.257	0.639431
2.258	0.657608
2.259	0.652571
2.26	0.360933
2.261	0.68091
2.262	0.658353
2.263	0.61683
2.264	0.635685
2.265	0.647356
2.266	0.329647
2.267	0.66849
2.268	0.668575
2.269	0.39006
2.27	0.531734
2.271	0.353996
2.272	0.535209
2.273	0.606531
2.274	0.640863
2.275	0.612777
2.276	0.539053
2.277	0.613225
2.278	0.556695
2.279	0.181992
2.28	0.610202
2.281	0.616189
2.282	0.519732
2.283	0.583041
2.284	0.483558
2.285	0.533669
2.286	0.572698
2.287	0.537975
2.288	0.551823
2.289	0.492549
2.29	0.219492
2.291	0.322383
2.292	0.405678
2.293	0.136306
2.294	0.129999
2.295	0.399589
2.296	0.202395
2.297	0.46911
2.298	0.343782
2.299	0.435316
2.3	0.493862
2.301	0.33104
2.302	0.246503
2.303	0.0906496
2.304	0.0794623
2.305	0.316573
2.306	0.431014
2.307	0.223447
2.308	0.118868
2.309	0.0122234
2.31	0.407306
2.311	0.290234
2.312	0.227178
2.313	0.33959
2.314	0.259936
2.315	0.326381
2.316	0.0960435
2.317	0.012141
2.318	0.0890349
2.319	0.304916
2.32	0.0207506
2.321	0.00528545
2.322	0.0591604
2.323	0.0797262
2.324	0.0379306
2.325	0.230143
2.326	0.10734
2.327	0.120156
2.328	0.128017
2.329	0.215532
2.33	0.0746335
2.331	0.0366519
2.332	0.0718903
2.333	0.107229
2.334	0.138966
2.335	0.152735
2.336	0.10573
2.337	0.162958
2.338	0.221282
2.339	0.180406
2.34	0.112578
2.341	0.0706761
2.342	0.33256
2.343	0.112578
2.344	0.046341
2.345	0.0834472
2.346	0.13458
2.347	0.00407611
2.348	0.0825563
2.349	0.018848
2.35	0.0141901
2.351	0.159895
2.352	0.00672839
2.353	0.0133318
2.354	0.105833
2.355	0.0102277
2.356	0.0106634
2.357	0.0297506
2.358	0.00206178
2.359	0.0963233
2.36	0.0158728
2.361	0.0130068
2.362	0.0344703
2.363	0.0941815
2.364	0.0092904
2.365	0.0485759
2.366	0.0686133
2.367	0.0356987
2.368	0.191233
2.369	0.0267537
2.37	0.174894
2.371	0.0639967
2.372	0.0430045
2.373	0.0502322
2.374	0.00705557
2.375	0.040747
2.376	0.00869066
2.377	0.0326311
2.378	0.0216792
2.379	0.0233954
2.38	0.0322722
2.381	0.0673418
2.382	0.0309784
2.383	0.0409325
2.384	0.0554949
2.385	0.0197036
2.386	0.02694
2.387	0.0197693
2.388	0.00733812
2.389	0.0206663
2.39	0.0362721
2.391	0.0129956
2.392	0.000573796
2.393	0.0575557
2.394	0.0521916
2.395	0.0160329
2.396	0.0155091
2.397	0.0660837
2.398	0.0731482
2.399	0.0313946
2.4	0.0170571
2.401	0.0622724
2.402	0.0180685
2.403	0.0216407
2.404	0.0557345
2.405	0.0212793
2.406	0.0541346
2.407	0.0201173
2.408	0.010633
2.409	0.0311203
2.41	0.0270241
2.411	0.000682259
2.412	0.043516
2.413	0.0138369
2.414	0.000159408
2.415	0.0124008
2.416	0.0201395
2.417	0.0314937
2.418	0.00287594
2.419	0.0381062
2.42	0.0412693
2.421	0.0126407
2.422	0.0545226
2.423	0.00431426
2.424	0.00382165
2.425	0.0148323
2.426	0.00444782
2.427	0.0378168
2.428	0.00810231
2.429	0.0236605
2.43	0.0204699
2.431	0.0100371
2.432	0.00676413
2.433	0.0174578
2.434	0.0158305
2.435	0.0315707
2.436	0.00753063
2.437	0.0128583
2.438	0.00103682
2.439	0.00826478
2.44	0.0426461
2.441	0.0138928
2.442	0.0327779
2.443	0.0191809
2.444	0.00869678
2.445	0.0257083
2.446	0.00931032
2.447	0.0567332
2.448	0.0324961
2.449	0.0194281
2.45	0.012241
2.451	0.033118
2.452	0.0320386
2.453	0.000322852
2.454	0.0403886
2.455	0.0141017
2.456	0.0109187
2.457	0.0221051
2.458	0.00922428
2.459	0.0254137
2.46	0.0043721
2.461	0.00295472
2.462	0.00451064
2.463	0.00353805
2.464	0.0147013
2.465	0.00959876
2.466	0.0101285
2.467	0.0250962
2.468	0.00278477
2.469	0.0312018
2.47	0.00543841
2.471	0.0148077
2.472	0.00229541
2.473	0.0127712
2.474	0.0359019
2.475	0.00383285
2.476	0.000369531
2.477	0.00250482
2.478	0.00799525
2.479	0.0182725
2.48	0.0120505
2.481	0.00228763
2.482	0.0153683
2.483	0.0112312
2.484	0.0320226
2.485	0.00305999
2.486	0.00638079
2.487	0.00568952
2.488	0.02692
2.489	0.00789678
2.49	0.0121817
2.491	0.00919076
2.492	0.00225462
2.493	0.0110285
2.494	0.0356685
2.495	0.00302754
2.496	0.0180669
2.497	0.0153057
2.498	0.00175742
2.499	0.00556501
2.5	0.0146635
2.501	0.000861914
2.502	0.0204379
2.503	0.00143428
2.504	0.00564805
2.505	0.0182808
2.506	0.00505423
2.507	0.00807074
2.508	0.00846364
2.509	0.0118131
2.51	0.014507
2.511	0.0190153
2.512	0.01384
2.513	0.0015556
2.514	0.00665892
2.515	0.0029516
2.516	0.000294466
2.517	0.00655928
2.518	0.0147491
2.519	0.00811426
2.52	0.000341016
2.521	0.0108323
2.522	0.0270532
2.523	0.00453701
2.524	0.00148792
2.525	0.00502269
2.526	0.00579414
2.527	0.00726113
2.528	0.00245479
2.529	0.0119744
2.53	0.00230081
2.531	0.0104139
2.532	0.00378145
2.533	0.0117687
2.534	0.0103339
2.535	0.0112915
2.536	0.0159814
2.537	0.00482194
2.538	0.0166402
2.539	0.00769648
2.54	0.00908991
2.541	0.0175176
2.542	0.0134495
2.543	0.000503613
2.544	0.00735433
2.545	0.00533604
2.546	0.00322975
2.547	0.00259935
2.548	0.00294749
2.549	0.0121406
2.55	0.00328278
2.551	0.00030918
2.552	0.00654658
2.553	0.00140465
2.554	0.00377933
2.555	0.00406995
2.556	0.00139938
2.557	0.0101174
2.558	0.00966898
2.559	0.0145311
2.56	0.00666934
2.561	0.0136
2.562	0.00122015
2.563	0.00364232
2.564	0.0156329
2.565	0.0196521
2.566	0.0034348
2.567	0.00993392
2.568	0.0149416
2.569	0.0107898
2.57	0.00648662
2.571	0.00444063
2.572	0.000139779
2.573	0.0126924
2.574	0.0104611
2.575	0.00952721
2.576	0.00876937
2.577	0.0160401
2.578	0.000259408
2.579	0.00296829
2.58	0.00520534
2.581	0.000689193
2.582	0.0041846
2.583	0.00486582
2.584	0.00333815
2.585	0.00086862
2.586	0.00954053
2.587	0.00374355
2.588	0.0134699
2.589	0.00272741
2.59	0.00663643
2.591	0.0196012
2.592	0.0153236
2.593	0.00288141
2.594	0.00301077
2.595	0.0108591
2.596	0.00602793
2.597	0.0151941
2.598	0.0116864
2.599	0.00266569
2.6	0.00569658
2.601	0.000149935
2.602	0.00453854
2.603	0.00982126
2.604	0.0159286
2.605	0.0139255
2.606	0.000340495
2.607	0.000501953
2.608	0.010267
2.609	0.00619518
2.61	0.00391533
2.611	0.00161637
2.612	0.00268763
2.613	0.0126749
2.614	0.00417012
2.615	0.00666826
2.616	0.000556673
2.617	0.00749561
2.618	0.00595697
2.619	0.0161631
2.62	0.00155941
2.621	0.00132868
2.622	0.00651813
2.623	0.00649105
2.624	0.0105483
2.625	0.0013943
2.626	0.00207611
2.627	0.000565918
2.628	0.00559355
2.629	0.00252419
2.63	0.00624652
2.631	0.00644115
2.632	0.0122235
2.633	0.00352327
2.634	0.00444974
2.635	0.00311673
2.636	0.00297952
2.637	0.00565605
2.638	0.000185514
2.639	0.00286211
2.64	0.00843639
2.641	0.00460781
2.642	0.0131838
2.643	0.00285986
2.644	0.00377881
2.645	0.00707985
2.646	0.000628451
2.647	0.00362969
2.648	0.00289922
2.649	0.00625238
2.65	0.00418503
2.651	0.00312116
2.652	0.00517861
2.653	0.00247686
2.654	0.00809427
2.655	0.000143685
2.656	0.00569674
2.657	0.00244385
2.658	0.00559613
2.659	0.0164702
2.66	0.000804102
2.661	0.00209701
2.662	0.0107822
2.663	0.00507868
2.664	0.0075335
2.665	0.00141429
2.666	0.000874967
2.667	0.00237809
2.668	0.00447096
2.669	0.0110797
2.67	0.00255192
2.671	0.00841331
2.672	0.00239098
2.673	0.00414824
2.674	0.00675719
2.675	0.00361136
2.676	0.00228444
2.677	0.00322454
2.678	0.00118473
2.679	0.000577018
2.68	0.000427181
2.681	0.000420801
2.682	0.00271071
2.683	0.00800684
2.684	0.000832227
2.685	0.00288493
2.686	0.0017265
2.687	0.00168812
2.688	0.00268372
2.689	0.00825615
2.69	0.00127282
2.691	0.000963672
2.692	0.00861305
2.693	0.00593516
2.694	0.00741663
2.695	0.00370133
2.696	0.00143128
2.697	0.00280941
2.698	0.00817777
2.699	0.000555859
2.7	0.00376071
2.701	0.00937816
2.702	0.00181507
2.703	0.00416221
2.704	0.00504264
2.705	0.00484414
2.706	0.00172559
2.707	0.000476986
2.708	0.00125046
2.709	0.00941738
2.71	0.00540671
2.711	0.00197301
2.712	0.00581029
2.713	0.00400824
2.714	0.00116979
2.715	0.00214652
2.716	0.00747581
2.717	0.00708034
2.718	0.00620771
2.719	0.00654014
2.72	0.00386123
2.721	0.00258359
2.722	0.00428138
2.723	0.00226833
2.724	0.00171992
2.725	0.00670215
2.726	0.00379906
2.727	0.00693151
2.728	0.00187347
2.729	0.00334434
2.73	0.00710345
2.731	0.00141016
2.732	0.0024847
2.733	0.00413519
2.734	0.0039874
2.735	0.000145475
2.736	0.00934456
2.737	0.000566341
2.738	0.00206657
2.739	0.00735475
2.74	0.00175361
2.741	0.00762165
2.742	0.00220641
2.743	0.00595898
2.744	0.00346045
2.745	0.00195371
2.746	0.00781829
2.747	0.00142842
2.748	0.00448076
2.749	0.000532682
2.75	0.00729701
2.751	0.000684733
2.752	0.00156797
2.753	0.00758607
2.754	0.00045931
2.755	0.00325273
2.756	0.00530479
2.757	0.00248031
2.758	0.00362454
2.759	0.00784124
2.76	0.00463132
2.761	0.00121426
2.762	0.00198727
2.763	0.00213893
2.764	0.00288428
2.765	0.000725749
2.766	0.00382874
2.767	0.00114997
2.768	0.00319137
2.769	0.00287539
2.77	0.000204818
2.771	0.00986732
2.772	0.00542673
2.773	0.00387562
2.774	0.00426976
2.775	9.60286e-05
2.776	0.002246
2.777	0.00253324
2.778	0.00434489
2.779	0.00164847
2.78	0.00737669
2.781	0.00158226
2.782	0.00105941
2.783	0.00260169
2.784	0.00947565
2.785	0.00369658
2.786	0.00133594
2.787	0.00447093
2.788	0.00492822
2.789	0.00356683
2.79	0.000528841
2.791	0.00208457
2.792	0.00324984
2.793	0.00251045
2.794	0.00301413
2.795	0.00619564
2.796	0.00365885
2.797	0.00307646
2.798	0.00050804
2.799	0.0053835
2.8	0.0036265
2.801	0.00214382
2.802	0.00027347
2.803	0.00300247
2.804	0.00460169
2.805	0.000251693
2.806	0.0039918
2.807	0.000815755
2.808	0.00153535
2.809	3.83464e-05
2.81	0.00120768
2.811	0.00218372
2.812	0.00104984
2.813	0.0023167
2.814	0.0023293
2.815	5.54036e-05
2.816	0.00196475
2.817	0.000848047
2.818	0.00429749
2.819	0.000466211
2.82	0.00162523
2.821	0.000673405
2.822	0.00135667
2.823	0.00622383
2.824	0.00561331
2.825	2.53581e-05
2.826	0.000302051
2.827	0.00132194
2.828	0.00578167
2.829	0.000634408
2.83	0.00160137
2.831	0.00280202
2.832	0.00461029
2.833	0.00284141
2.834	0.00180391
2.835	0.00105589
2.836	0.00171784
2.837	0.00212087
2.838	0.00328008
2.839	5.25065e-05
2.84	0.00560908
2.841	0.00294427
2.842	0.0062276
2.843	0.00420674
2.844	0.00245407
2.845	0.00628431
2.846	0.00147174
2.847	0.00720937
2.848	0.00289577
2.849	0.000592871
2.85	0.00240137
2.851	0.000224772
2.852	0.00236813
2.853	0.000359245
2.854	0.00638193
2.855	0.00135215
2.856	0.000653483
2.857	0.00298382
2.858	0.00336253
2.859	0.00386367
2.86	0.0011514
2.861	0.000547005
2.862	0.00261003
2.863	0.00212236
2.864	0.00283392
2.865	0.00166061
2.866	0.000991439
2.867	0.00119284
2.868	0.000288379
2.869	0.000133626
2.87	0.00138646
2.871	0.000127865
2.872	0.000147201
2.873	0.00177018
2.874	0.000647819
2.875	0.00449489
2.876	0.00446107
2.877	0.000299121
2.878	0.00809118
2.879	0.00316068
2.88	0.000481673
2.881	0.0032513
2.882	0.00255225
2.883	0.00913304
2.884	0.000663379
2.885	0.00156113
2.886	0.00440299
2.887	0.00130762
2.888	0.000206152
2.889	0.00351816
2.89	0.00205964
2.891	0.00191934
2.892	0.00544264
2.893	0.00604316
2.894	0.00207972
2.895	0.00169391
2.896	0.00162396
2.897	0.00260417
2.898	0.000681022
2.899	0.00200531
2.9	0.000156055
2.901	0.000459766
2.902	0.00131439
2.903	0.00238177
2.904	0.00462507
2.905	0.00750156
2.906	0.00168597
2.907	4.25456e-05
2.908	0.00260492
2.909	0.00249307
2.91	0.00568838
2.911	0.00145264
2.912	0.00433164
2.913	0.00100758
2.914	0.00265879
2.915	0.00281432
2.916	0.00289395
2.917	0.000202083
2.918	0.00117168
2.919	0.000687467
2.92	0.000796517
2.921	0.000257129
2.922	0.00400482
2.923	0.00310342
2.924	0.000806348
2.925	0.00212565
2.926	0.00162767
2.927	0.00178711
2.928	0.0020388
2.929	0.0079486
2.93	0.00219437
2.931	0.000492155
2.932	0.00229632
2.933	0.00100609
2.934	0.00496019
2.935	0.0034571
2.936	0.0044443
2.937	7.11589e-05
2.938	0.00330602
2.939	0.00258027
2.94	0.00439163
2.941	0.00153167
2.942	0.00251911
2.943	0.00267874
2.944	0.000476888
2.945	0.00320553
2.946	9.97396e-05
2.947	0.00330348
2.948	0.0023568
2.949	0.000821517
2.95	0.000848275
2.951	0.00160716
2.952	0.00254225
2.953	0.00164997
2.954	0.000629948
2.955	0.000550716
2.956	0.00230326
2.957	0.00211289
2.958	0.00142692
2.959	0.000142904
2.96	0.00101956
2.961	0.00167715
2.962	0.00107393
2.963	0.00283499
2.964	0.00394098
2.965	0.00168509
2.966	0.000608008
2.967	0.00036224
2.968	3.26823e-05
2.969	0.00199131
2.97	0.00249372
2.971	0.00481774
2.972	0.00245684
2.973	0.00214606
2.974	0.000433919
2.975	0.00239027
2.976	0.00105501
2.977	0.00273835
2.978	0.000533691
2.979	0.00706338
2.98	0.0015235
2.981	0.00102822
2.982	0.000342578
2.983	0.00253555
2.984	0.00415661
2.985	0.000394629
2.986	0.00340286
2.987	0.00235039
2.988	0.000619954
2.989	0.00122145
2.99	0.00109385
2.991	0.00282666
2.992	0.00264303
2.993	0.0050877
2.994	0.00249619
2.995	8.57747e-05
2.996	0.000903581
2.997	5e-05
2.998	0.00141579
2.999	0.000209603
3	0.00238021
3.001	0.00114505
3.002	0.000195768
3.003	0.00334821
3.004	0.00455807
3.005	0.000151204
3.006	0.00119007
3.007	0.00453304
3.008	0.00120729
3.009	0.000773535
3.01	0.00214476
3.011	0.000152897
3.012	0.000748958
3.013	0.000768913
3.014	1.78711e-05
3.015	0.00619954
3.016	8.2194e-05
3.017	0.00184694
3.018	0.00187956
3.019	0.00487044
3.02	0.000959668
3.021	0.00171872
3.022	0.00223275
3.023	0.00152438
3.024	0.00555192
3.025	0.000122689
3.026	0.000681055
3.027	0.00219505
3.028	0.00203877
3.029	0.00129818
3.03	0.00453714
3.031	0.0017262
3.032	0.00322926
3.033	0.00209102
3.034	0.000949382
3.035	0.00121556
3.036	0.000307682
3.037	0.00331104
3.038	0.00532715
3.039	0.000491113
3.04	0.00129368
3.041	8.95833e-05
3.042	0.000209017
3.043	0.00103581
3.044	0.00133701
3.045	0.0037015
3.046	0.00402848
3.047	0.000140267
3.048	0.000910482
3.049	0.00116113
3.05	0.00222308
3.051	0.000512565
3.052	0.00239857
3.053	0.00155322
3.054	0.0021821
3.055	0.00292591
3.056	0.00247484
3.057	0.00101257
3.058	0.00284482
3.059	0.00173089
3.06	0.00343542
3.061	0.00131709
3.062	0.000161784
3.063	0.0013153
3.064	0.00187884
3.065	0.000175684
3.066	0.00340648
3.067	0.00137331
3.068	0.000941276
3.069	0.00312552
3.07	0.00183037
3.071	0.00225013
3.072	0.00400521
3.073	0.000602181
3.074	0.000407585
3.075	0.00247939
3.076	0.000465788
3.077	0.000966602
3.078	0.00187643
3.079	0.000862858
3.08	0.00222702
3.081	0.00125807
3.082	0.00215299
3.083	0.000722428
3.084	0.00132243
3.085	0.000718229
3.086	0.00179232
3.087	0.00142422
3.088	0.00193994
3.089	0.000623698
3.09	0.00382425
3.091	0.000959277
3.092	0.000917643
3.093	0.00205417
3.094	0.000500163
3.095	0.00111364
3.096	0.000163607
3.097	0.00239421
3.098	0.0017028
3.099	0.00140641
3.1	0.0019654
3.101	0.00128867
3.102	0.00129069
3.103	0.000224316
3.104	0.00270208
3.105	2.08333e-05
3.106	0.00203382
3.107	0.00137048
3.108	0.00125645
3.109	0.00193382
3.11	0.00337666
3.111	0.000142513
3.112	0.000786589
3.113	0.00309063
3.114	0.00309199
3.115	0.00122367
3.116	0.00140586
3.117	4.61914e-05
3.118	0.000122721
3.119	0.000734961
3.12	0.00122041
3.121	0.0011792
3.122	0.000991927
3.123	0.000824316
3.124	0.000797656
3.125	0.00226406
3.126	0.00094248
3.127	0.000692448
3.128	0.0025835
3.129	0.00123242
3.13	0.00217337
3.131	0.000483105
3.132	0.000384505
3.133	0.000143587
3.134	0.00244652
3.135	0.00242458
3.136	0.00155824
3.137	0.000368132
3.138	0.00193617
3.139	0.0020501
3.14	0.00121247
3.141	0.00119772
3.142	0.000706738
3.143	0.00308268
3.144	0.000288574
3.145	0.00180316
3.146	0.000450456
3.147	0.00114515
3.148	0.000713379
3.149	0.00133581
3.15	0.00172432
3.151	0.000754069
3.152	0.000535645
3.153	0.00160104
3.154	0.000394759
3.155	0.00119974
3.156	0.00154365
3.157	0.000671061
3.158	0.00223968
3.159	0.00112314
3.16	0.00211055
3.161	0.000569759
3.162	0.00280007
3.163	0.00103737
3.164	0.00132253
3.165	0.00312389
3.166	0.00106074
3.167	0.00216214
3.168	0.0011002
3.169	0.00108522
3.17	0.00122542
3.171	0.000507552
3.172	7.37305e-05
3.173	0.00205605
3.174	0.0023348
3.175	0.000201302
3.176	0.00257419
3.177	0.000167253
3.178	0.00109609
3.179	0.0016888
3.18	0.0004875
3.181	0.003418
3.182	0.00368223
3.183	0.000765137
3.184	0.000409831
3.185	0.00314844
3.186	0.0037778
3.187	0.000269206
3.188	1.73177e-05
3.189	9.88607e-05
3.19	0.00113874
3.191	0.00162663
3.192	0.000573112
3.193	0.000461979
3.194	0.000966113
3.195	0.000810026
3.196	0.000706706
3.197	0.00124079
3.198	0.00254287
3.199	0.000506022
3.2	0.00104447
3.201	0.00176279
3.202	0.00162913
3.203	0.000744076
3.204	0.00355283
3.205	0.000404232
3.206	0.000274967
3.207	0.000756803
3.208	0.000474382
3.209	0.000623079
3.21	0.00138249
3.211	0.000769889
3.212	0.000795117
3.213	0.00029873
3.214	0.000489844
3.215	0.000834342
3.216	0.001204
3.217	0.000246257
3.218	0.00247171
3.219	0.00133503
3.22	0.000681055
3.221	0.000473079
3.222	0.00160267
3.223	0.000258561
3.224	0.000912826
3.225	0.000627181
3.226	0.000262858
3.227	6.67643e-05
3.228	9.96419e-05
3.229	0.000803678
3.23	0.00108444
3.231	0.000903971
3.232	0.00310212
3.233	0.000165592
3.234	0.0020278
3.235	0.000897233
3.236	0.00101637
3.237	0.00101348
3.238	0.00123164
3.239	0.000365007
3.24	0.00355664
3.241	0.000527637
3.242	0.00177031
3.243	0.00171885
3.244	0.000460449
3.245	0.00100397
3.246	0.000298372
3.247	0.000205306
3.248	0.00334482
3.249	0.000322884
3.25	0.00265309
3.251	0.0024515
3.252	0.000922819
3.253	1.87826e-05
3.254	0.000450586
3.255	0.00193392
3.256	0.000285449
3.257	0.000502832
3.258	0.0016099
3.259	3.30404e-05
3.26	0.000286914
3.261	0.000754818
3.262	0.000821549
3.263	0.00145612
3.264	0.0013027
3.265	0.00038623
3.266	0.00085638
3.267	0.00102555
3.268	1.85221e-05
3.269	0.000156836
3.27	0.00067666
3.271	0.000747982
3.272	0.000406641
3.273	0.000149284
3.274	0.000683171
3.275	0.00140391
3.276	0.000462858
3.277	0.000875553
3.278	0.00130234
3.279	0.00182796
3.28	0.00348366
3.281	0.00138988
3.282	0.00148923
3.283	0.00247855
3.284	4.72005e-06
3.285	0.000604818
3.286	0.00121393
3.287	0.000186914
3.288	0.000874479
3.289	0.000590072
3.29	0.000472038
3.291	0.00248018
3.292	0.00132103
3.293	0.00159486
3.294	0.00134206
3.295	0.00102279
3.296	0.00193151
3.297	0.00164062
3.298	0.00147969
3.299	0.00139619
3.3	0.00128099
3.301	0.00193024
3.302	0.00230794
3.303	0.00417161
3.304	8.45052e-05
3.305	0.00245775
3.306	0.000477799
3.307	0.000178971
3.308	0.00109238
3.309	0.000532422
3.31	0.000321842
3.311	0.000992155
3.312	0.000442122
3.313	0.00126403
3.314	0.000365169
3.315	0.00315332
3.316	0.00204447
3.317	0.00141055
3.318	0.000714225
3.319	0.000531641
3.32	0.00042832
3.321	0.0013361
3.322	0.00037679
3.323	0.00166068
3.324	0.00102747
3.325	0.00092666
3.326	0.00172344
3.327	0.00170573
3.328	0.00143675
3.329	0.000886458
3.33	0.000716439
3.331	3.98112e-05
3.332	0.000745345
3.333	5.58919e-05
3.334	0.000427702
3.335	0.000618424
3.336	0.00211351
3.337	0.000310677
3.338	0.000485384
3.339	0.00108617
3.34	0.000337695
3.341	0.000207943
3.342	0.000906217
3.343	5.43294e-05
3.344	0.000908268
3.345	0.00111178
3.346	0.000342383
3.347	0.000183496
3.348	6.08724e-06
3.349	0.000104688
3.35	0.00091748
3.351	0.000765039
3.352	0.00109658
3.353	0.000877376
3.354	0.000186914
3.355	0.000523372
3.356	9.81771e-05
3.357	0.000348145
3.358	0.000967611
3.359	0.00218799
3.36	0.000957422
3.361	0.00132415
3.362	0.000147168
3.363	0.00105697
3.364	8.54167e-05
3.365	0.000803613
3.366	0.000430436
3.367	0.00158646
3.368	0.000791569
3.369	0.00149313
3.37	0.000119661
3.371	0.00043929
3.372	0.000967676
3.373	0.000923828
3.374	0.000405664
3.375	0.000806413
3.376	0.000576758
3.377	0.000792188
3.378	0.00192448
3.379	0.00216895
3.38	0.00031569
3.381	0.00115117
3.382	0.00199762
3.383	0.00177119
3.384	0.000649642
3.385	0.00146608
3.386	0.000279753
3.387	0.000606217
3.388	0.00126081
3.389	0.00100104
3.39	0.000541211
3.391	0.00165618
3.392	0.00235449
3.393	0.000440299
3.394	0.000578581
3.395	0.00171556
3.396	0.0010402
3.397	0.000353385
3.398	0.000831803
3.399	0.000165951
3.4	0.000680729
3.401	0.000267969
3.402	0.00134489
3.403	0.00031748
3.404	0.00130853
3.405	0.000514486
3.406	0.00209518
3.407	0.00135638
3.408	0.00104489
3.409	0.00209515
3.41	0.000628385
3.411	0.00207311
3.412	0.00097015
3.413	0.00161169
3.414	0.000641764
3.415	0.000250033
3.416	0.000309863
3.417	0.00147907
3.418	0.000131087
3.419	3.25195e-05
3.42	0.00185928
3.421	0.000909115
3.422	0.000942904
3.423	0.000427507
3.424	0.00105052
3.425	0.00124401
3.426	0.000408366
3.427	0.000127344
3.428	0.000452734
3.429	0.000678255
3.43	0.00100511
3.431	0.00221787
3.432	0.000511621
3.433	5.59245e-05
3.434	8.03385e-05
3.435	0.00105251
3.436	0.000491146
3.437	0.0020445
3.438	0.00155837
3.439	2.91341e-05
3.44	0.00186833
3.441	0.000221842
3.442	0.00163255
3.443	0.000775944
3.444	0.00103223
3.445	0.00108151
3.446	0.0015835
3.447	7.5293e-05
3.448	0.000966634
3.449	0.000125944
3.45	0.00143883
3.451	0.00109284
3.452	0.00170036
3.453	0.0013277
3.454	0.000261654
3.455	0.000849089
3.456	9.84375e-05
3.457	0.00196657
3.458	0.000652083
3.459	0.000350326
3.46	0.00155977
3.461	0.00171572
3.462	0.00066569
3.463	3.03711e-05
3.464	0.000264225
3.465	0.000268652
3.466	0.000349642
3.467	1.74479e-05
3.468	0.000218522
3.469	0.00177464
3.47	0.000450749
3.471	0.000514909
3.472	0.000264323
3.473	0.000838314
3.474	0.000674674
3.475	2.56836e-05
3.476	0.00166914
3.477	0.00176501
3.478	0.000769336
3.479	0.000613379
3.48	0.000992806
3.481	0.00163027
3.482	0.00023623
3.483	0.00118916
3.484	0.000210417
3.485	0.000449219
3.486	0.00147533
3.487	3.92578e-05
3.488	0.000969792
3.489	0.000313639
3.49	0.0023002
3.491	0.000884147
3.492	0.00047487
3.493	0.00137119
3.494	0.00059248
3.495	0.000618457
3.496	0.00146032
3.497	0.000530176
3.498	0.00262292
3.499	1.86849e-05
3.5	0.000188542
3.501	0.000448796
3.502	0.000809375
3.503	1.01888e-05
3.504	0.000499089
3.505	9.9056e-05
3.506	0.000933366
3.507	0.000568783
3.508	0.000600195
3.509	0.00124144
3.51	0.000854915
3.511	0.000670964
3.512	0.00199495
3.513	3.12826e-05
3.514	0.000345801
3.515	0.000825814
3.516	0.000639616
3.517	0.000569238
3.518	0.00148532
3.519	0.00139967
3.52	0.0010583
3.521	0.000439974
3.522	0.0005625
3.523	0.00119876
3.524	0.000960514
3.525	0.00082972
3.526	0.000516602
3.527	0.00132451
3.528	0.00157878
3.529	0.000177246
3.53	0.000374642
3.531	0.00109925
3.532	0.000751823
3.533	0.00156117
3.534	0.00101774
3.535	0.000299674
3.536	0.00103092
3.537	0.000362402
3.538	0.0015973
3.539	0.00109746
3.54	0.000182715
3.541	0.000849121
3.542	0.00019388
3.543	0.000699902
3.544	7.83854e-05
3.545	0.00260179
3.546	0.00130924
3.547	0.000544987
3.548	4.33919e-05
3.549	2.5944e-05
3.55	0.0011804
3.551	0.00198223
3.552	0.000166536
3.553	0.00101188
3.554	0.000147135
3.555	0.0014891
3.556	0.00121533
3.557	0.000726986
3.558	5.40365e-05
3.559	0.000643099
3.56	0.00135173
3.561	0.000580762
3.562	0.000903158
3.563	0.000860156
3.564	0.00122959
3.565	0.00132191
3.566	0.000717546
3.567	0.00146328
3.568	0.000214844
3.569	0.00156338
3.57	7.06706e-05
3.571	3.00456e-05
3.572	6.05794e-05
3.573	0.000920378
3.574	0.000181087
3.575	0.000287826
3.576	0.00165247
3.577	0.0025499
3.578	0.000498763
3.579	0.00105068
3.58	3.42448e-05
3.581	0.000381641
3.582	0.000619857
3.583	0.000305957
3.584	0.00138343
3.585	0.000714616
3.586	0.000105371
3.587	0.00033291
3.588	0.000427181
3.589	0.000896126
3.59	0.000633626
3.591	6.40299e-05
3.592	0.000663477
3.593	0.00039502
3.594	0.00108877
3.595	0.000927767
3.596	0.000453776
3.597	0.000994303
3.598	0.00144964
3.599	7.8776e-05
3.6	0.000119824
3.601	0.000464941
3.602	0.00183047
3.603	0.000779557
3.604	0.000742871
3.605	0.00163594
3.606	0.00152227
3.607	0.000833789
3.608	0.000506348
3.609	0.000707454
3.61	0.00054987
3.611	0.00102464
3.612	0.000656283
3.613	0.000565234
3.614	0.00161667
3.615	0.000454915
3.616	0.00107126
3.617	9.2806e-05
3.618	0.000454525
3.619	0.000464876
3.62	0.000793555
3.621	0.000936719
3.622	0.00164574
3.623	0.000189128
3.624	0.00168564
3.625	0.000280697
3.626	0.000223405
3.627	9.48568e-05
3.628	6.1849e-06
3.629	0.00120312
3.63	0.000749609
3.631	0.000387826
3.632	0.000707552
3.633	0.000628125
3.634	0.000498958
3.635	0.00104408
3.636	0.000743327
3.637	0.00202826
3.638	0.000481576
3.639	0.000454525
3.64	0.00036377
3.641	0.000124642
3.642	0.000360286
3.643	0.00137516
3.644	0.00104635
3.645	0.00124616
3.646	6.8099e-05
3.647	0.0016404
3.648	0.000892708
3.649	0.00022998
3.65	0.00032679
3.651	0.00162865
3.652	0.00142546
3.653	0.000143424
3.654	0.00018763
3.655	0.000113249
3.656	0.00099502
3.657	0.000287207
3.658	0.000962467
3.659	0.000174544
3.66	0.00216022
3.661	0.00116432
3.662	0.0022361
3.663	0.000203841
3.664	0.000493034
3.665	3.62956e-05
3.666	0.00101885
3.667	0.000605111
3.668	0.000152507
3.669	0.0001514
3.67	0.000367904
3.671	0.00132135
3.672	0.00134105
3.673	0.00105241
3.674	0.00171862
3.675	0.000734505
3.676	0.0001764
3.677	0.000148437
3.678	0.00133128
3.679	0.000138835
3.68	0.000484342
3.681	9.76563e-07
3.682	0.000307682
3.683	0.000165365
3.684	0.00145371
3.685	0.000621257
3.686	0.000345378
3.687	0.000154915
3.688	0.000398079
3.689	0.000936458
3.69	0.0005986
3.691	0.000610547
3.692	0.000336133
3.693	0.000143359
3.694	0.00121868
3.695	0.00200781
3.696	2.53906e-06
3.697	2.21354e-06
3.698	0.000336686
3.699	0.00104437
3.7	0.000832292
3.701	0.00027487
3.702	0.000131673
3.703	9.76563e-07
3.704	0.000250586
3.705	0.000765951
3.706	1.13281e-05
3.707	0.0018902
3.708	0.000842025
3.709	0.00101279
3.71	0.000611035
3.711	0.00122438
3.712	0.000792643
3.713	0.00209476
3.714	0.000673372
3.715	0.000678906
3.716	0.00105257
3.717	0.000197917
3.718	0.000376237
3.719	9.23177e-05
3.72	0.000710579
3.721	0.000730404
3.722	0.00030804
3.723	0.000682878
3.724	0.000909766
3.725	0.00103324
3.726	0.00153864
3.727	0.00141387
3.728	0.000897428
3.729	0.000374902
3.73	0.000181022
3.731	0.000134212
3.732	0.000631966
3.733	0.000591341
3.734	0.000515462
3.735	0.00173125
3.736	5.39714e-05
3.737	0.000896322
3.738	0.00205449
3.739	0.000297168
3.74	0.000229655
3.741	0.000571875
3.742	0.00212767
3.743	0.00126074
3.744	0.000352279
3.745	0.000599609
3.746	0.000213704
3.747	0.000835221
3.748	7.44141e-05
3.749	0.000111165
3.75	0.000399447
3.751	2.11589e-06
3.752	0.000707812
3.753	0.00175039
3.754	0.000194238
3.755	0.00035638
3.756	0.000234147
3.757	0.000339941
3.758	1.04167e-05
3.759	0.000458594
3.76	0.000638542
3.761	0.000220508
3.762	0.000108529
3.763	0.000375586
3.764	0.00102777
3.765	0.000372266
3.766	0.000119499
3.767	0.000620247
3.768	0.000896029
3.769	0.000583561
3.77	0.000513281
3.771	0.00152809
3.772	0.00062474
3.773	0.000514193
3.774	0.000678353
3.775	0.000609993
3.776	0.000925293
3.777	0.00124076
3.778	0.000255339
3.779	0.000704818
3.78	6.64062e-06
3.781	0.000296745
3.782	0.00144958
3.783	0.000897038
3.784	0.000135286
3.785	0.000212988
3.786	0.000748079
3.787	0.000153516
3.788	0.000258366
3.789	0.000745508
3.79	0.00170436
3.791	0.000605404
3.792	0.00052002
3.793	0.000693685
3.794	0.000193587
3.795	0.000709603
3.796	0.00188428
3.797	0.000939258
3.798	0.000184961
3.799	0.000475651
3.8	0.000447201
3.801	0.00144919
3.802	0.00100361
3.803	0.00013929
3.804	0.000661133
3.805	0.00079681
3.806	0.0005139
3.807	0.00103571
3.808	0.000501595
3.809	0.000180924
3.81	6.10026e-05
3.811	0.000315169
3.812	0.000638379
3.813	0.00112301
3.814	0.0012377
3.815	1.47135e-05
3.816	1.71224e-05
3.817	0.00176035
3.818	0.00144587
3.819	0.000561003
3.82	0.000213607
3.821	0.000478776
3.822	0.000175684
3.823	0.000286523
3.824	0.000759277
3.825	0.00069056
3.826	0.000725911
3.827	0.00092002
3.828	0.000487435
3.829	0.000129329
3.83	0.000313639
3.831	0.000270475
3.832	0.00066901
3.833	0.00077513
3.834	0.000781315
3.835	0.000155892
3.836	0.00281494
3.837	0.000223177
3.838	0.000397884
3.839	0.000161361
3.84	0.00160918
3.841	0.000816504
3.842	0.000386751
3.843	0.000115072
3.844	0.000249512
3.845	8.83464e-05
3.846	0.000284082
3.847	0.00101318
3.848	0.00148737
3.849	0.0003486
3.85	0.000459896
3.851	0.000866602
3.852	0.00152165
3.853	0.0020168
3.854	0.00100329
3.855	0.00048763
3.856	0.00140133
3.857	0.000723893
3.858	0.000308398
3.859	0.000824186
3.86	0.00027666
3.861	0.000327116
3.862	4.56706e-05
3.863	9.45312e-05
3.864	3.96484e-05
3.865	8.56771e-05
3.866	0.000750358
3.867	0.000303874
3.868	9.31966e-05
3.869	0.00050472
3.87	5.63151e-05
3.871	0.000926725
3.872	0.000267415
3.873	0.000677702
3.874	0.00164694
3.875	0.000970671
3.876	0.00183086
3.877	0.000972298
3.878	0.00042002
3.879	0.00161263
3.88	0.000524609
3.881	0.00152041
3.882	0.000940592
3.883	0.000613314
3.884	0.000374382
3.885	5.04232e-05
3.886	0.000907161
3.887	0.000942415
3.888	0.00134827
3.889	0.000528906
3.89	9.21224e-06
3.891	0.00141533
3.892	8.01758e-05
3.893	0.000871712
3.894	0.00094515
3.895	0.000913216
3.896	0.000791504
3.897	0.000883887
3.898	8.19987e-05
3.899	0.00065651
3.9	0.000612207
3.901	0.000162207
3.902	0.000645931
3.903	0.000136654
3.904	0.000275293
3.905	0.000458757
3.906	0.00106328
3.907	4.16992e-05
3.908	0.000499349
3.909	0.00072334
3.91	0.00121875
3.911	9.80794e-05
3.912	0.00055485
3.913	0.00162848
3.914	0.00037526
3.915	6.51042e-06
3.916	0.00127565
3.917	0.000401042
3.918	0.000527995
3.919	0.000278125
3.92	0.000123405
3.921	0.000460254
3.922	0.000302995
3.923	0.000185645
3.924	0.000177572
3.925	0.00107155
3.926	0.000478613
3.927	0.000336914
3.928	0.000259245
3.929	0.000375781
3.93	0.000489128
3.931	0.000419824
3.932	0.00054502
3.933	4.83398e-05
3.934	0.000128678
3.935	0.000172493
3.936	0.000606934
3.937	0.000298405
3.938	0.00173646
3.939	0.000164779
3.94	0.000853092
3.941	5.18229e-05
3.942	0.00051849
3.943	0.00053151
3.944	0.00106895
3.945	0.000804622
3.946	0.000198926
3.947	0.000741048
3.948	0.00109183
3.949	0.00111937
3.95	0.000826074
3.951	0.000585677
3.952	0.00107301
3.953	0.000433724
3.954	0.000122559
3.955	0.00126654
3.956	0.000340169
3.957	0.00161383
3.958	0.000265137
3.959	0.000439648
3.96	8.73372e-05
3.961	0.00092526
3.962	0.000783724
3.963	0.00069209
3.964	0.000234635
3.965	0.000374577
3.966	0.000606576
3.967	0.000605924
3.968	0.000630078
3.969	0.00033597
3.97	0.00130482
3.971	0.000137728
3.972	0.000122201
3.973	0.00115433
3.974	0.000139388
3.975	0.00043265
3.976	0.000803255
3.977	0.00128288
3.978	0.000174284
3.979	0.00149645
3.98	0.00134596
3.981	0.000506868
3.982	0.000205924
3.983	0.000738509
3.984	0.00110166
3.985	0.00104115
3.986	0.000201758
3.987	0.000290137
3.988	0.000261165
3.989	0.000247949
3.99	0.000798307
3.991	0.000523861
3.992	5.50781e-05
3.993	0.00119753
3.994	0.000648763
3.995	0.0011279
3.996	0.000829297
3.997	0.000591634
3.998	0.000287402
3.999	0.000201953
4	0.000468587
